start
SERVER STARTS - 2024-12-07 12:40:33.089489 
Authenticated!
peername=('80.238.125.174', 59690), time=2024-12-07 12:40:43.813588, shell_line=h
peername=('80.238.125.174', 59690), time=2024-12-07 12:40:43.943368, shell_line=he
peername=('80.238.125.174', 59690), time=2024-12-07 12:40:44.079390, shell_line=hel
peername=('80.238.125.174', 59690), time=2024-12-07 12:40:44.210279, shell_line=hell
peername=('80.238.125.174', 59690), time=2024-12-07 12:40:44.341908, shell_line=hello
peername=('80.238.125.174', 59690), time=2024-12-07 12:40:44.484036, shell_line=
peername=('80.238.125.174', 59690), time=2024-12-07 12:40:45.167037, shell_line=
SERVER STARTS - 2024-12-07 12:43:48.412048 
Authenticated!
Authenticated!
Authenticated!
Authenticated!
Authenticated!
Authenticated!
Authenticated!
Authenticated!
SERVER STARTS - 2024-12-07 13:51:25.038429 
SERVER STARTS - 2024-12-07 14:05:14.547059 
Authenticated!
Authenticated!
SERVER STARTS - 2024-12-07 14:35:06.153719 
Authenticated!
peername=('116.38.53.235', 52995), time=2024-12-07 14:35:33.261114, shell_line=
peername=('116.38.53.235', 52995), time=2024-12-07 14:35:33.261370, shell_line=
peername=('116.38.53.235', 52995), time=2024-12-07 14:35:33.261399, shell_line=
peername=('116.38.53.235', 52995), time=2024-12-07 14:35:33.261430, shell_line=
peername=('116.38.53.235', 52995), time=2024-12-07 14:35:33.261460, shell_line=
peername=('116.38.53.235', 52995), time=2024-12-07 14:35:33.261485, shell_line=
peername=('116.38.53.235', 52995), time=2024-12-07 14:35:33.261511, shell_line=
peername=('116.38.53.235', 52995), time=2024-12-07 14:35:33.261535, shell_line=
peername=('116.38.53.235', 52995), time=2024-12-07 14:35:33.261558, shell_line=
peername=('116.38.53.235', 52995), time=2024-12-07 14:35:33.261580, shell_line=
peername=('116.38.53.235', 52995), time=2024-12-07 14:35:33.261604, shell_line=
peername=('116.38.53.235', 52995), time=2024-12-07 14:35:33.261626, shell_line=
peername=('116.38.53.235', 52995), time=2024-12-07 14:35:33.261648, shell_line=
peername=('116.38.53.235', 52995), time=2024-12-07 14:35:33.261672, shell_line=
peername=('116.38.53.235', 52995), time=2024-12-07 14:35:33.261695, shell_line=
peername=('116.38.53.235', 52995), time=2024-12-07 14:35:33.261719, shell_line=
peername=('116.38.53.235', 52995), time=2024-12-07 14:35:33.261745, shell_line=
peername=('116.38.53.235', 52995), time=2024-12-07 14:35:33.261769, shell_line=
peername=('116.38.53.235', 52995), time=2024-12-07 14:35:33.261791, shell_line=
peername=('116.38.53.235', 52995), time=2024-12-07 14:35:33.261813, shell_line=
peername=('116.38.53.235', 52995), time=2024-12-07 14:35:33.261834, shell_line=
peername=('116.38.53.235', 52995), time=2024-12-07 14:35:33.261856, shell_line=
peername=('116.38.53.235', 52995), time=2024-12-07 14:35:33.261878, shell_line=
peername=('116.38.53.235', 52995), time=2024-12-07 14:35:33.261901, shell_line=
peername=('116.38.53.235', 52995), time=2024-12-07 14:35:33.261924, shell_line=
peername=('116.38.53.235', 52995), time=2024-12-07 14:35:33.261948, shell_line=
peername=('116.38.53.235', 52995), time=2024-12-07 14:35:33.261969, shell_line=
peername=('116.38.53.235', 52995), time=2024-12-07 14:35:33.261994, shell_line=
peername=('116.38.53.235', 52995), time=2024-12-07 14:35:33.262018, shell_line=
peername=('116.38.53.235', 52995), time=2024-12-07 14:35:33.262039, shell_line=
peername=('116.38.53.235', 52995), time=2024-12-07 14:35:33.262061, shell_line=
peername=('116.38.53.235', 52995), time=2024-12-07 14:35:33.262086, shell_line=
peername=('116.38.53.235', 52995), time=2024-12-07 14:35:33.262115, shell_line=
peername=('116.38.53.235', 52995), time=2024-12-07 14:35:33.262141, shell_line=
peername=('116.38.53.235', 52995), time=2024-12-07 14:35:33.262165, shell_line=
peername=('116.38.53.235', 52995), time=2024-12-07 14:35:33.262187, shell_line=
peername=('116.38.53.235', 52995), time=2024-12-07 14:35:33.262210, shell_line=
peername=('116.38.53.235', 52995), time=2024-12-07 14:35:33.262234, shell_line=
peername=('116.38.53.235', 52995), time=2024-12-07 14:35:33.262257, shell_line=
peername=('116.38.53.235', 52995), time=2024-12-07 14:35:33.262280, shell_line=
peername=('116.38.53.235', 52995), time=2024-12-07 14:35:33.262304, shell_line=
peername=('116.38.53.235', 52995), time=2024-12-07 14:35:33.262326, shell_line=
peername=('116.38.53.235', 52995), time=2024-12-07 14:35:33.262348, shell_line=
peername=('116.38.53.235', 52995), time=2024-12-07 14:35:33.262371, shell_line=
peername=('116.38.53.235', 52995), time=2024-12-07 14:35:33.262393, shell_line=
peername=('116.38.53.235', 52995), time=2024-12-07 14:35:33.262414, shell_line=
peername=('116.38.53.235', 52995), time=2024-12-07 14:35:33.262439, shell_line=
peername=('116.38.53.235', 52995), time=2024-12-07 14:35:33.262461, shell_line=
peername=('116.38.53.235', 52995), time=2024-12-07 14:35:33.262483, shell_line=
peername=('116.38.53.235', 52995), time=2024-12-07 14:35:33.262504, shell_line=
peername=('116.38.53.235', 52995), time=2024-12-07 14:35:33.262526, shell_line=
peername=('116.38.53.235', 52995), time=2024-12-07 14:35:33.262550, shell_line=
peername=('116.38.53.235', 52995), time=2024-12-07 14:35:33.262570, shell_line=
peername=('116.38.53.235', 52995), time=2024-12-07 14:35:33.262589, shell_line=
peername=('116.38.53.235', 52995), time=2024-12-07 14:35:33.262607, shell_line=
peername=('116.38.53.235', 52995), time=2024-12-07 14:35:33.262625, shell_line=
peername=('116.38.53.235', 52995), time=2024-12-07 14:35:33.262641, shell_line=
peername=('116.38.53.235', 52995), time=2024-12-07 14:35:33.262658, shell_line=
peername=('116.38.53.235', 52995), time=2024-12-07 14:35:33.262676, shell_line=
peername=('116.38.53.235', 52995), time=2024-12-07 14:35:33.262694, shell_line=
peername=('116.38.53.235', 52995), time=2024-12-07 14:35:33.262720, shell_line=
peername=('116.38.53.235', 52995), time=2024-12-07 14:35:33.262740, shell_line=
peername=('116.38.53.235', 52995), time=2024-12-07 14:35:33.262761, shell_line=
peername=('116.38.53.235', 52995), time=2024-12-07 14:35:33.262784, shell_line=
peername=('116.38.53.235', 52995), time=2024-12-07 14:35:33.262806, shell_line=
peername=('116.38.53.235', 52995), time=2024-12-07 14:35:33.262826, shell_line=
peername=('116.38.53.235', 52995), time=2024-12-07 14:35:33.262847, shell_line=
peername=('116.38.53.235', 52995), time=2024-12-07 14:35:33.262867, shell_line=
peername=('116.38.53.235', 52995), time=2024-12-07 14:35:33.262886, shell_line=
peername=('116.38.53.235', 52995), time=2024-12-07 14:35:33.262905, shell_line=
peername=('116.38.53.235', 52995), time=2024-12-07 14:35:33.262924, shell_line=
peername=('116.38.53.235', 52995), time=2024-12-07 14:35:33.262943, shell_line=
peername=('116.38.53.235', 52995), time=2024-12-07 14:35:33.262962, shell_line=
peername=('116.38.53.235', 52995), time=2024-12-07 14:35:33.262981, shell_line=
peername=('116.38.53.235', 52995), time=2024-12-07 14:35:33.389841, shell_line=
peername=('116.38.53.235', 52995), time=2024-12-07 14:35:33.389907, shell_line=
peername=('116.38.53.235', 52995), time=2024-12-07 14:35:33.389924, shell_line=
peername=('116.38.53.235', 52995), time=2024-12-07 14:35:33.389937, shell_line=
peername=('116.38.53.235', 52995), time=2024-12-07 14:35:33.389949, shell_line=
peername=('116.38.53.235', 52995), time=2024-12-07 14:35:33.389961, shell_line=
peername=('116.38.53.235', 52995), time=2024-12-07 14:35:33.389972, shell_line=
peername=('116.38.53.235', 52995), time=2024-12-07 14:35:33.389983, shell_line=
peername=('116.38.53.235', 52995), time=2024-12-07 14:35:33.389994, shell_line=
peername=('116.38.53.235', 52995), time=2024-12-07 14:35:33.390006, shell_line=
peername=('116.38.53.235', 52995), time=2024-12-07 14:35:33.390017, shell_line=
peername=('116.38.53.235', 52995), time=2024-12-07 14:35:33.390028, shell_line=
peername=('116.38.53.235', 52995), time=2024-12-07 14:35:33.390039, shell_line=
peername=('116.38.53.235', 52995), time=2024-12-07 14:35:33.390050, shell_line=
peername=('116.38.53.235', 52995), time=2024-12-07 14:35:33.390073, shell_line=
peername=('116.38.53.235', 52995), time=2024-12-07 14:35:33.390085, shell_line=
peername=('116.38.53.235', 52995), time=2024-12-07 14:35:33.390096, shell_line=
peername=('116.38.53.235', 52995), time=2024-12-07 14:35:33.390108, shell_line=
peername=('116.38.53.235', 52995), time=2024-12-07 14:35:33.390119, shell_line=
peername=('116.38.53.235', 52995), time=2024-12-07 14:35:33.390130, shell_line=
peername=('116.38.53.235', 52995), time=2024-12-07 14:35:33.390141, shell_line=
peername=('116.38.53.235', 52995), time=2024-12-07 14:35:33.390152, shell_line=
peername=('116.38.53.235', 52995), time=2024-12-07 14:35:33.390163, shell_line=
peername=('116.38.53.235', 52995), time=2024-12-07 14:35:33.390174, shell_line=
peername=('116.38.53.235', 52995), time=2024-12-07 14:35:33.390186, shell_line=
peername=('116.38.53.235', 52995), time=2024-12-07 14:35:33.390197, shell_line=
peername=('116.38.53.235', 52995), time=2024-12-07 14:35:33.390209, shell_line=
peername=('116.38.53.235', 52995), time=2024-12-07 14:35:33.390220, shell_line=
peername=('116.38.53.235', 52995), time=2024-12-07 14:35:33.390285, shell_line=
peername=('116.38.53.235', 52995), time=2024-12-07 14:35:33.390299, shell_line=
peername=('116.38.53.235', 52995), time=2024-12-07 14:35:33.390310, shell_line=
peername=('116.38.53.235', 52995), time=2024-12-07 14:35:33.390322, shell_line=
peername=('116.38.53.235', 52995), time=2024-12-07 14:35:33.390333, shell_line=
peername=('116.38.53.235', 52995), time=2024-12-07 14:35:33.390345, shell_line=
peername=('116.38.53.235', 52995), time=2024-12-07 14:35:33.390356, shell_line=
peername=('116.38.53.235', 52995), time=2024-12-07 14:35:33.390367, shell_line=
peername=('116.38.53.235', 52995), time=2024-12-07 14:35:33.390378, shell_line=
peername=('116.38.53.235', 52995), time=2024-12-07 14:35:33.390389, shell_line=
peername=('116.38.53.235', 52995), time=2024-12-07 14:35:33.390401, shell_line=
peername=('116.38.53.235', 52995), time=2024-12-07 14:35:33.390412, shell_line=
peername=('116.38.53.235', 52995), time=2024-12-07 14:35:33.390423, shell_line=
peername=('116.38.53.235', 52995), time=2024-12-07 14:35:33.390434, shell_line=
peername=('116.38.53.235', 52995), time=2024-12-07 14:35:33.390445, shell_line=
peername=('116.38.53.235', 52995), time=2024-12-07 14:35:33.390456, shell_line=
peername=('116.38.53.235', 52995), time=2024-12-07 14:35:33.390468, shell_line=
peername=('116.38.53.235', 52995), time=2024-12-07 14:35:33.390479, shell_line=
peername=('116.38.53.235', 52995), time=2024-12-07 14:35:33.390490, shell_line=
peername=('116.38.53.235', 52995), time=2024-12-07 14:35:33.390501, shell_line=
peername=('116.38.53.235', 52995), time=2024-12-07 14:35:33.390512, shell_line=
peername=('116.38.53.235', 52995), time=2024-12-07 14:35:33.390523, shell_line=
peername=('116.38.53.235', 52995), time=2024-12-07 14:35:33.390535, shell_line=
peername=('116.38.53.235', 52995), time=2024-12-07 14:35:33.390546, shell_line=
peername=('116.38.53.235', 52995), time=2024-12-07 14:35:33.390557, shell_line=
peername=('116.38.53.235', 52995), time=2024-12-07 14:35:33.390568, shell_line=
peername=('116.38.53.235', 52995), time=2024-12-07 14:35:33.390580, shell_line=
peername=('116.38.53.235', 52995), time=2024-12-07 14:35:33.390591, shell_line=
peername=('116.38.53.235', 52995), time=2024-12-07 14:35:33.390602, shell_line=
peername=('116.38.53.235', 52995), time=2024-12-07 14:35:33.390613, shell_line=
peername=('116.38.53.235', 52995), time=2024-12-07 14:35:33.390625, shell_line=
peername=('116.38.53.235', 52995), time=2024-12-07 14:35:33.390636, shell_line=
peername=('116.38.53.235', 52995), time=2024-12-07 14:35:33.390647, shell_line=
peername=('116.38.53.235', 52995), time=2024-12-07 14:35:33.390658, shell_line=
peername=('116.38.53.235', 52995), time=2024-12-07 14:35:33.390670, shell_line=
peername=('116.38.53.235', 52995), time=2024-12-07 14:35:33.390681, shell_line=
peername=('116.38.53.235', 52995), time=2024-12-07 14:35:33.390692, shell_line=
peername=('116.38.53.235', 52995), time=2024-12-07 14:35:33.390703, shell_line=
peername=('116.38.53.235', 52995), time=2024-12-07 14:35:33.390714, shell_line=
peername=('116.38.53.235', 52995), time=2024-12-07 14:35:33.390725, shell_line=
peername=('116.38.53.235', 52995), time=2024-12-07 14:35:33.390738, shell_line=
peername=('116.38.53.235', 52995), time=2024-12-07 14:35:33.390749, shell_line=
peername=('116.38.53.235', 52995), time=2024-12-07 14:35:33.390760, shell_line=
peername=('116.38.53.235', 52995), time=2024-12-07 14:35:33.390771, shell_line=
peername=('116.38.53.235', 52995), time=2024-12-07 14:35:33.390782, shell_line=
peername=('116.38.53.235', 52995), time=2024-12-07 14:35:33.390794, shell_line=
peername=('116.38.53.235', 52995), time=2024-12-07 14:35:33.390805, shell_line=
peername=('116.38.53.235', 52995), time=2024-12-07 14:35:33.390817, shell_line=
peername=('116.38.53.235', 52995), time=2024-12-07 14:35:33.390828, shell_line=
peername=('116.38.53.235', 52995), time=2024-12-07 14:35:33.390839, shell_line=
peername=('116.38.53.235', 52995), time=2024-12-07 14:35:33.390850, shell_line=
peername=('116.38.53.235', 52995), time=2024-12-07 14:35:33.390861, shell_line=
peername=('116.38.53.235', 52995), time=2024-12-07 14:35:33.390873, shell_line=
peername=('116.38.53.235', 52995), time=2024-12-07 14:35:33.390884, shell_line=
peername=('116.38.53.235', 52995), time=2024-12-07 14:35:33.390895, shell_line=
peername=('116.38.53.235', 52995), time=2024-12-07 14:35:33.390906, shell_line=
peername=('116.38.53.235', 52995), time=2024-12-07 14:35:33.390918, shell_line=
peername=('116.38.53.235', 52995), time=2024-12-07 14:35:33.390928, shell_line=
peername=('116.38.53.235', 52995), time=2024-12-07 14:35:33.390940, shell_line=
peername=('116.38.53.235', 52995), time=2024-12-07 14:35:33.390951, shell_line=
peername=('116.38.53.235', 52995), time=2024-12-07 14:35:33.390962, shell_line=
peername=('116.38.53.235', 52995), time=2024-12-07 14:35:33.390973, shell_line=
peername=('116.38.53.235', 52995), time=2024-12-07 14:35:33.390984, shell_line=
peername=('116.38.53.235', 52995), time=2024-12-07 14:35:33.395243, shell_line=
peername=('116.38.53.235', 52995), time=2024-12-07 14:35:33.395339, shell_line=
peername=('116.38.53.235', 52995), time=2024-12-07 14:35:33.395374, shell_line=
peername=('116.38.53.235', 52995), time=2024-12-07 14:35:33.395408, shell_line=
peername=('116.38.53.235', 52995), time=2024-12-07 14:35:33.395431, shell_line=
peername=('116.38.53.235', 52995), time=2024-12-07 14:35:33.395453, shell_line=
peername=('116.38.53.235', 52995), time=2024-12-07 14:35:33.395474, shell_line=
peername=('116.38.53.235', 52995), time=2024-12-07 14:35:33.395494, shell_line=
peername=('116.38.53.235', 52995), time=2024-12-07 14:35:33.395513, shell_line=
peername=('116.38.53.235', 52995), time=2024-12-07 14:35:33.395533, shell_line=
peername=('116.38.53.235', 52995), time=2024-12-07 14:35:33.395552, shell_line=
peername=('116.38.53.235', 52995), time=2024-12-07 14:35:33.395572, shell_line=
peername=('116.38.53.235', 52995), time=2024-12-07 14:35:33.395592, shell_line=
peername=('116.38.53.235', 52995), time=2024-12-07 14:35:33.395611, shell_line=
peername=('116.38.53.235', 52995), time=2024-12-07 14:35:33.395631, shell_line=
peername=('116.38.53.235', 52995), time=2024-12-07 14:35:33.395650, shell_line=
peername=('116.38.53.235', 52995), time=2024-12-07 14:35:33.395669, shell_line=
peername=('116.38.53.235', 52995), time=2024-12-07 14:35:33.395695, shell_line=
peername=('116.38.53.235', 52995), time=2024-12-07 14:35:33.395732, shell_line=
peername=('116.38.53.235', 52995), time=2024-12-07 14:35:33.395773, shell_line=
peername=('116.38.53.235', 52995), time=2024-12-07 14:35:33.395801, shell_line=
peername=('116.38.53.235', 52995), time=2024-12-07 14:35:33.395822, shell_line=
peername=('116.38.53.235', 52995), time=2024-12-07 14:35:33.395842, shell_line=
peername=('116.38.53.235', 52995), time=2024-12-07 14:35:33.395862, shell_line=
peername=('116.38.53.235', 52995), time=2024-12-07 14:35:33.395881, shell_line=
peername=('116.38.53.235', 52995), time=2024-12-07 14:35:33.395900, shell_line=
peername=('116.38.53.235', 52995), time=2024-12-07 14:35:33.395921, shell_line=
peername=('116.38.53.235', 52995), time=2024-12-07 14:35:33.395952, shell_line=
peername=('116.38.53.235', 52995), time=2024-12-07 14:35:33.395989, shell_line=
peername=('116.38.53.235', 52995), time=2024-12-07 14:35:33.396029, shell_line=
peername=('116.38.53.235', 52995), time=2024-12-07 14:35:33.396068, shell_line=
peername=('116.38.53.235', 52995), time=2024-12-07 14:35:33.396107, shell_line=
peername=('116.38.53.235', 52995), time=2024-12-07 14:35:33.396145, shell_line=
peername=('116.38.53.235', 52995), time=2024-12-07 14:35:33.396182, shell_line=
peername=('116.38.53.235', 52995), time=2024-12-07 14:35:33.396216, shell_line=
peername=('116.38.53.235', 52995), time=2024-12-07 14:35:33.396239, shell_line=
peername=('116.38.53.235', 52995), time=2024-12-07 14:35:33.396259, shell_line=
peername=('116.38.53.235', 52995), time=2024-12-07 14:35:33.396279, shell_line=
peername=('116.38.53.235', 52995), time=2024-12-07 14:35:33.396298, shell_line=
peername=('116.38.53.235', 52995), time=2024-12-07 14:35:33.396353, shell_line=
peername=('116.38.53.235', 52995), time=2024-12-07 14:35:33.396377, shell_line=
peername=('116.38.53.235', 52995), time=2024-12-07 14:35:33.396398, shell_line=
peername=('116.38.53.235', 52995), time=2024-12-07 14:35:33.396418, shell_line=
peername=('116.38.53.235', 52995), time=2024-12-07 14:35:33.396438, shell_line=
peername=('116.38.53.235', 52995), time=2024-12-07 14:35:33.396457, shell_line=
peername=('116.38.53.235', 52995), time=2024-12-07 14:35:33.396477, shell_line=
peername=('116.38.53.235', 52995), time=2024-12-07 14:35:33.396496, shell_line=
peername=('116.38.53.235', 52995), time=2024-12-07 14:35:33.396515, shell_line=
peername=('116.38.53.235', 52995), time=2024-12-07 14:35:33.396534, shell_line=
peername=('116.38.53.235', 52995), time=2024-12-07 14:35:33.396553, shell_line=
peername=('116.38.53.235', 52995), time=2024-12-07 14:35:33.396572, shell_line=
peername=('116.38.53.235', 52995), time=2024-12-07 14:35:33.396592, shell_line=
peername=('116.38.53.235', 52995), time=2024-12-07 14:35:33.396611, shell_line=
peername=('116.38.53.235', 52995), time=2024-12-07 14:35:33.396631, shell_line=
peername=('116.38.53.235', 52995), time=2024-12-07 14:35:33.396650, shell_line=
peername=('116.38.53.235', 52995), time=2024-12-07 14:35:33.396669, shell_line=
peername=('116.38.53.235', 52995), time=2024-12-07 14:35:33.396688, shell_line=
peername=('116.38.53.235', 52995), time=2024-12-07 14:35:33.396708, shell_line=
peername=('116.38.53.235', 52995), time=2024-12-07 14:35:33.396727, shell_line=
peername=('116.38.53.235', 52995), time=2024-12-07 14:35:33.396746, shell_line=
peername=('116.38.53.235', 52995), time=2024-12-07 14:35:33.396765, shell_line=
peername=('116.38.53.235', 52995), time=2024-12-07 14:35:33.396784, shell_line=
peername=('116.38.53.235', 52995), time=2024-12-07 14:35:33.396803, shell_line=
peername=('116.38.53.235', 52995), time=2024-12-07 14:35:33.396822, shell_line=
peername=('116.38.53.235', 52995), time=2024-12-07 14:35:33.396841, shell_line=
peername=('116.38.53.235', 52995), time=2024-12-07 14:35:33.396860, shell_line=
peername=('116.38.53.235', 52995), time=2024-12-07 14:35:33.396879, shell_line=
peername=('116.38.53.235', 52995), time=2024-12-07 14:35:33.396899, shell_line=
peername=('116.38.53.235', 52995), time=2024-12-07 14:35:33.396918, shell_line=
peername=('116.38.53.235', 52995), time=2024-12-07 14:35:33.396937, shell_line=
peername=('116.38.53.235', 52995), time=2024-12-07 14:35:33.396956, shell_line=
peername=('116.38.53.235', 52995), time=2024-12-07 14:35:33.396975, shell_line=
peername=('116.38.53.235', 52995), time=2024-12-07 14:35:33.396995, shell_line=
peername=('116.38.53.235', 52995), time=2024-12-07 14:35:33.397015, shell_line=
peername=('116.38.53.235', 52995), time=2024-12-07 14:35:33.397075, shell_line=
peername=('116.38.53.235', 52995), time=2024-12-07 14:35:33.397119, shell_line=
peername=('116.38.53.235', 52995), time=2024-12-07 14:35:33.397158, shell_line=
peername=('116.38.53.235', 52995), time=2024-12-07 14:35:33.397186, shell_line=
peername=('116.38.53.235', 52995), time=2024-12-07 14:35:33.397211, shell_line=
peername=('116.38.53.235', 52995), time=2024-12-07 14:35:33.397501, shell_line=
peername=('116.38.53.235', 52995), time=2024-12-07 14:35:33.397601, shell_line=
peername=('116.38.53.235', 52995), time=2024-12-07 14:35:33.397635, shell_line=
peername=('116.38.53.235', 52995), time=2024-12-07 14:35:33.397663, shell_line=
peername=('116.38.53.235', 52995), time=2024-12-07 14:35:33.397689, shell_line=
peername=('116.38.53.235', 52995), time=2024-12-07 14:35:33.397714, shell_line=
peername=('116.38.53.235', 52995), time=2024-12-07 14:35:33.397740, shell_line=
peername=('116.38.53.235', 52995), time=2024-12-07 14:35:33.397764, shell_line=
peername=('116.38.53.235', 52995), time=2024-12-07 14:35:33.397788, shell_line=
peername=('116.38.53.235', 52995), time=2024-12-07 14:35:33.397813, shell_line=
peername=('116.38.53.235', 52995), time=2024-12-07 14:35:33.397837, shell_line=
peername=('116.38.53.235', 52995), time=2024-12-07 14:35:33.397862, shell_line=
peername=('116.38.53.235', 52995), time=2024-12-07 14:35:33.397885, shell_line=
peername=('116.38.53.235', 52995), time=2024-12-07 14:35:33.397906, shell_line=
peername=('116.38.53.235', 52995), time=2024-12-07 14:35:33.397925, shell_line=
peername=('116.38.53.235', 52995), time=2024-12-07 14:35:33.397945, shell_line=
peername=('116.38.53.235', 52995), time=2024-12-07 14:35:33.397965, shell_line=
peername=('116.38.53.235', 52995), time=2024-12-07 14:35:33.397984, shell_line=
peername=('116.38.53.235', 52995), time=2024-12-07 14:35:33.398004, shell_line=
peername=('116.38.53.235', 52995), time=2024-12-07 14:35:33.398024, shell_line=
peername=('116.38.53.235', 52995), time=2024-12-07 14:35:33.398043, shell_line=
peername=('116.38.53.235', 52995), time=2024-12-07 14:35:33.398063, shell_line=
peername=('116.38.53.235', 52995), time=2024-12-07 14:35:33.398082, shell_line=
peername=('116.38.53.235', 52995), time=2024-12-07 14:35:33.398101, shell_line=
peername=('116.38.53.235', 52995), time=2024-12-07 14:35:33.398123, shell_line=
peername=('116.38.53.235', 52995), time=2024-12-07 14:35:33.398143, shell_line=
peername=('116.38.53.235', 52995), time=2024-12-07 14:35:33.398162, shell_line=
peername=('116.38.53.235', 52995), time=2024-12-07 14:35:33.398182, shell_line=
peername=('116.38.53.235', 52995), time=2024-12-07 14:35:33.398201, shell_line=
peername=('116.38.53.235', 52995), time=2024-12-07 14:35:33.398221, shell_line=
peername=('116.38.53.235', 52995), time=2024-12-07 14:35:33.398241, shell_line=
peername=('116.38.53.235', 52995), time=2024-12-07 14:35:33.398260, shell_line=
peername=('116.38.53.235', 52995), time=2024-12-07 14:35:33.398280, shell_line=
peername=('116.38.53.235', 52995), time=2024-12-07 14:35:33.398299, shell_line=
peername=('116.38.53.235', 52995), time=2024-12-07 14:35:33.398318, shell_line=
peername=('116.38.53.235', 52995), time=2024-12-07 14:35:33.398338, shell_line=
peername=('116.38.53.235', 52995), time=2024-12-07 14:35:33.398358, shell_line=
peername=('116.38.53.235', 52995), time=2024-12-07 14:35:33.398377, shell_line=
peername=('116.38.53.235', 52995), time=2024-12-07 14:35:33.398397, shell_line=
peername=('116.38.53.235', 52995), time=2024-12-07 14:35:33.398417, shell_line=
peername=('116.38.53.235', 52995), time=2024-12-07 14:35:33.398439, shell_line=
peername=('116.38.53.235', 52995), time=2024-12-07 14:35:33.398458, shell_line=
peername=('116.38.53.235', 52995), time=2024-12-07 14:35:33.411666, shell_line=
peername=('116.38.53.235', 52995), time=2024-12-07 14:35:33.411687, shell_line=
peername=('116.38.53.235', 52995), time=2024-12-07 14:35:33.411702, shell_line=
peername=('116.38.53.235', 52995), time=2024-12-07 14:35:33.411714, shell_line=
peername=('116.38.53.235', 52995), time=2024-12-07 14:35:33.411725, shell_line=
peername=('116.38.53.235', 52995), time=2024-12-07 14:35:33.411737, shell_line=
peername=('116.38.53.235', 52995), time=2024-12-07 14:35:33.411748, shell_line=
peername=('116.38.53.235', 52995), time=2024-12-07 14:35:33.411759, shell_line=
peername=('116.38.53.235', 52995), time=2024-12-07 14:35:33.411770, shell_line=
peername=('116.38.53.235', 52995), time=2024-12-07 14:35:33.411781, shell_line=
peername=('116.38.53.235', 52995), time=2024-12-07 14:35:33.411792, shell_line=
peername=('116.38.53.235', 52995), time=2024-12-07 14:35:33.411806, shell_line=
peername=('116.38.53.235', 52995), time=2024-12-07 14:35:33.411819, shell_line=
peername=('116.38.53.235', 52995), time=2024-12-07 14:35:33.411830, shell_line=
peername=('116.38.53.235', 52995), time=2024-12-07 14:35:33.411841, shell_line=
peername=('116.38.53.235', 52995), time=2024-12-07 14:35:33.411852, shell_line=
peername=('116.38.53.235', 52995), time=2024-12-07 14:35:33.411863, shell_line=
peername=('116.38.53.235', 52995), time=2024-12-07 14:35:33.411874, shell_line=
peername=('116.38.53.235', 52995), time=2024-12-07 14:35:33.411885, shell_line=
peername=('116.38.53.235', 52995), time=2024-12-07 14:35:33.411896, shell_line=
peername=('116.38.53.235', 52995), time=2024-12-07 14:35:33.411954, shell_line=
peername=('116.38.53.235', 52995), time=2024-12-07 14:35:33.411968, shell_line=
peername=('116.38.53.235', 52995), time=2024-12-07 14:35:33.411980, shell_line=
peername=('116.38.53.235', 52995), time=2024-12-07 14:35:33.411991, shell_line=
peername=('116.38.53.235', 52995), time=2024-12-07 14:35:33.412002, shell_line=
peername=('116.38.53.235', 52995), time=2024-12-07 14:35:33.412013, shell_line=
peername=('116.38.53.235', 52995), time=2024-12-07 14:35:33.412024, shell_line=
peername=('116.38.53.235', 52995), time=2024-12-07 14:35:33.412035, shell_line=
peername=('116.38.53.235', 52995), time=2024-12-07 14:35:33.412046, shell_line=
peername=('116.38.53.235', 52995), time=2024-12-07 14:35:33.412057, shell_line=
peername=('116.38.53.235', 52995), time=2024-12-07 14:35:33.412068, shell_line=
peername=('116.38.53.235', 52995), time=2024-12-07 14:35:33.412079, shell_line=
peername=('116.38.53.235', 52995), time=2024-12-07 14:35:33.412090, shell_line=
peername=('116.38.53.235', 52995), time=2024-12-07 14:35:33.412101, shell_line=
peername=('116.38.53.235', 52995), time=2024-12-07 14:35:33.412112, shell_line=
peername=('116.38.53.235', 52995), time=2024-12-07 14:35:33.412123, shell_line=
peername=('116.38.53.235', 52995), time=2024-12-07 14:35:33.412134, shell_line=
peername=('116.38.53.235', 52995), time=2024-12-07 14:35:33.412145, shell_line=
peername=('116.38.53.235', 52995), time=2024-12-07 14:35:33.412166, shell_line=
peername=('116.38.53.235', 52995), time=2024-12-07 14:35:33.412181, shell_line=
peername=('116.38.53.235', 52995), time=2024-12-07 14:35:33.412193, shell_line=
peername=('116.38.53.235', 52995), time=2024-12-07 14:35:33.412204, shell_line=
peername=('116.38.53.235', 52995), time=2024-12-07 14:35:33.412215, shell_line=
peername=('116.38.53.235', 52995), time=2024-12-07 14:35:33.412226, shell_line=
peername=('116.38.53.235', 52995), time=2024-12-07 14:35:33.412237, shell_line=
peername=('116.38.53.235', 52995), time=2024-12-07 14:35:33.412248, shell_line=
peername=('116.38.53.235', 52995), time=2024-12-07 14:35:33.412259, shell_line=
peername=('116.38.53.235', 52995), time=2024-12-07 14:35:33.412270, shell_line=
peername=('116.38.53.235', 52995), time=2024-12-07 14:35:33.425846, shell_line=
peername=('116.38.53.235', 52995), time=2024-12-07 14:35:33.425866, shell_line=
peername=('116.38.53.235', 52995), time=2024-12-07 14:35:33.425879, shell_line=
peername=('116.38.53.235', 52995), time=2024-12-07 14:35:33.425890, shell_line=
peername=('116.38.53.235', 52995), time=2024-12-07 14:35:33.425902, shell_line=
peername=('116.38.53.235', 52995), time=2024-12-07 14:35:33.425914, shell_line=
peername=('116.38.53.235', 52995), time=2024-12-07 14:35:33.425925, shell_line=
peername=('116.38.53.235', 52995), time=2024-12-07 14:35:33.425936, shell_line=
peername=('116.38.53.235', 52995), time=2024-12-07 14:35:33.425947, shell_line=
peername=('116.38.53.235', 52995), time=2024-12-07 14:35:33.425958, shell_line=
peername=('116.38.53.235', 52995), time=2024-12-07 14:35:33.425968, shell_line=
peername=('116.38.53.235', 52995), time=2024-12-07 14:35:33.425979, shell_line=
peername=('116.38.53.235', 52995), time=2024-12-07 14:35:33.425990, shell_line=
peername=('116.38.53.235', 52995), time=2024-12-07 14:35:33.426002, shell_line=
peername=('116.38.53.235', 52995), time=2024-12-07 14:35:33.426013, shell_line=
peername=('116.38.53.235', 52995), time=2024-12-07 14:35:33.426024, shell_line=
peername=('116.38.53.235', 52995), time=2024-12-07 14:35:33.426035, shell_line=
peername=('116.38.53.235', 52995), time=2024-12-07 14:35:33.426046, shell_line=
peername=('116.38.53.235', 52995), time=2024-12-07 14:35:33.426057, shell_line=
peername=('116.38.53.235', 52995), time=2024-12-07 14:35:33.426068, shell_line=
peername=('116.38.53.235', 52995), time=2024-12-07 14:35:33.426079, shell_line=
peername=('116.38.53.235', 52995), time=2024-12-07 14:35:33.426090, shell_line=
peername=('116.38.53.235', 52995), time=2024-12-07 14:35:33.426101, shell_line=
peername=('116.38.53.235', 52995), time=2024-12-07 14:35:33.426111, shell_line=
peername=('116.38.53.235', 52995), time=2024-12-07 14:35:33.426123, shell_line=
peername=('116.38.53.235', 52995), time=2024-12-07 14:35:33.426133, shell_line=
peername=('116.38.53.235', 52995), time=2024-12-07 14:35:33.426144, shell_line=
peername=('116.38.53.235', 52995), time=2024-12-07 14:35:33.426156, shell_line=
peername=('116.38.53.235', 52995), time=2024-12-07 14:35:33.426167, shell_line=
peername=('116.38.53.235', 52995), time=2024-12-07 14:35:33.426178, shell_line=
peername=('116.38.53.235', 52995), time=2024-12-07 14:35:33.426189, shell_line=
peername=('116.38.53.235', 52995), time=2024-12-07 14:35:33.426200, shell_line=
peername=('116.38.53.235', 52995), time=2024-12-07 14:35:33.426211, shell_line=
peername=('116.38.53.235', 52995), time=2024-12-07 14:35:33.426222, shell_line=
peername=('116.38.53.235', 52995), time=2024-12-07 14:35:33.426233, shell_line=
peername=('116.38.53.235', 52995), time=2024-12-07 14:35:33.426243, shell_line=
peername=('116.38.53.235', 52995), time=2024-12-07 14:35:33.426255, shell_line=
peername=('116.38.53.235', 52995), time=2024-12-07 14:35:33.426266, shell_line=
peername=('116.38.53.235', 52995), time=2024-12-07 14:35:33.426277, shell_line=
peername=('116.38.53.235', 52995), time=2024-12-07 14:35:33.426288, shell_line=
peername=('116.38.53.235', 52995), time=2024-12-07 14:35:33.426298, shell_line=
peername=('116.38.53.235', 52995), time=2024-12-07 14:35:33.426309, shell_line=
peername=('116.38.53.235', 52995), time=2024-12-07 14:35:33.426320, shell_line=
peername=('116.38.53.235', 52995), time=2024-12-07 14:35:33.426331, shell_line=
peername=('116.38.53.235', 52995), time=2024-12-07 14:35:33.426342, shell_line=
peername=('116.38.53.235', 52995), time=2024-12-07 14:35:33.426353, shell_line=
peername=('116.38.53.235', 52995), time=2024-12-07 14:35:33.426364, shell_line=
peername=('116.38.53.235', 52995), time=2024-12-07 14:35:33.426375, shell_line=
peername=('116.38.53.235', 52995), time=2024-12-07 14:35:33.426386, shell_line=
peername=('116.38.53.235', 52995), time=2024-12-07 14:35:33.426397, shell_line=
peername=('116.38.53.235', 52995), time=2024-12-07 14:35:33.426408, shell_line=
peername=('116.38.53.235', 52995), time=2024-12-07 14:35:33.426419, shell_line=
peername=('116.38.53.235', 52995), time=2024-12-07 14:35:33.426430, shell_line=
peername=('116.38.53.235', 52995), time=2024-12-07 14:35:33.426441, shell_line=
peername=('116.38.53.235', 52995), time=2024-12-07 14:35:33.439751, shell_line=
peername=('116.38.53.235', 52995), time=2024-12-07 14:35:33.439768, shell_line=
peername=('116.38.53.235', 52995), time=2024-12-07 14:35:33.439781, shell_line=
peername=('116.38.53.235', 52995), time=2024-12-07 14:35:33.439792, shell_line=
peername=('116.38.53.235', 52995), time=2024-12-07 14:35:33.439803, shell_line=
peername=('116.38.53.235', 52995), time=2024-12-07 14:35:33.439814, shell_line=
peername=('116.38.53.235', 52995), time=2024-12-07 14:35:33.439825, shell_line=
peername=('116.38.53.235', 52995), time=2024-12-07 14:35:33.439836, shell_line=
peername=('116.38.53.235', 52995), time=2024-12-07 14:35:33.439847, shell_line=
peername=('116.38.53.235', 52995), time=2024-12-07 14:35:33.439858, shell_line=
peername=('116.38.53.235', 52995), time=2024-12-07 14:35:33.439870, shell_line=
peername=('116.38.53.235', 52995), time=2024-12-07 14:35:33.439881, shell_line=
peername=('116.38.53.235', 52995), time=2024-12-07 14:35:33.439891, shell_line=
peername=('116.38.53.235', 52995), time=2024-12-07 14:35:33.439902, shell_line=
peername=('116.38.53.235', 52995), time=2024-12-07 14:35:33.439913, shell_line=
peername=('116.38.53.235', 52995), time=2024-12-07 14:35:33.439924, shell_line=
peername=('116.38.53.235', 52995), time=2024-12-07 14:35:33.439935, shell_line=
peername=('116.38.53.235', 52995), time=2024-12-07 14:35:33.439946, shell_line=
peername=('116.38.53.235', 52995), time=2024-12-07 14:35:33.439957, shell_line=
peername=('116.38.53.235', 52995), time=2024-12-07 14:35:33.439968, shell_line=
peername=('116.38.53.235', 52995), time=2024-12-07 14:35:33.440010, shell_line=
peername=('116.38.53.235', 52995), time=2024-12-07 14:35:33.440023, shell_line=
peername=('116.38.53.235', 52995), time=2024-12-07 14:35:33.440069, shell_line=
peername=('116.38.53.235', 52995), time=2024-12-07 14:35:33.440083, shell_line=
peername=('116.38.53.235', 52995), time=2024-12-07 14:35:33.440095, shell_line=
peername=('116.38.53.235', 52995), time=2024-12-07 14:35:33.440106, shell_line=
peername=('116.38.53.235', 52995), time=2024-12-07 14:35:33.440117, shell_line=
peername=('116.38.53.235', 52995), time=2024-12-07 14:35:33.440128, shell_line=
peername=('116.38.53.235', 52995), time=2024-12-07 14:35:33.440139, shell_line=
peername=('116.38.53.235', 52995), time=2024-12-07 14:35:33.440150, shell_line=
peername=('116.38.53.235', 52995), time=2024-12-07 14:35:33.440160, shell_line=
peername=('116.38.53.235', 52995), time=2024-12-07 14:35:33.440171, shell_line=
peername=('116.38.53.235', 52995), time=2024-12-07 14:35:33.440182, shell_line=
peername=('116.38.53.235', 52995), time=2024-12-07 14:35:33.440193, shell_line=
peername=('116.38.53.235', 52995), time=2024-12-07 14:35:33.440220, shell_line=
peername=('116.38.53.235', 52995), time=2024-12-07 14:35:33.440233, shell_line=
peername=('116.38.53.235', 52995), time=2024-12-07 14:35:33.440245, shell_line=
peername=('116.38.53.235', 52995), time=2024-12-07 14:35:33.440256, shell_line=
peername=('116.38.53.235', 52995), time=2024-12-07 14:35:33.440267, shell_line=
peername=('116.38.53.235', 52995), time=2024-12-07 14:35:33.440278, shell_line=
peername=('116.38.53.235', 52995), time=2024-12-07 14:35:33.440289, shell_line=
peername=('116.38.53.235', 52995), time=2024-12-07 14:35:33.440300, shell_line=
peername=('116.38.53.235', 52995), time=2024-12-07 14:35:33.440311, shell_line=
peername=('116.38.53.235', 52995), time=2024-12-07 14:35:33.440322, shell_line=
peername=('116.38.53.235', 52995), time=2024-12-07 14:35:33.440333, shell_line=
peername=('116.38.53.235', 52995), time=2024-12-07 14:35:33.440344, shell_line=
peername=('116.38.53.235', 52995), time=2024-12-07 14:35:33.440355, shell_line=
peername=('116.38.53.235', 52995), time=2024-12-07 14:35:33.440366, shell_line=
peername=('116.38.53.235', 52995), time=2024-12-07 14:35:33.453723, shell_line=
peername=('116.38.53.235', 52995), time=2024-12-07 14:35:33.453747, shell_line=
peername=('116.38.53.235', 52995), time=2024-12-07 14:35:33.453762, shell_line=
peername=('116.38.53.235', 52995), time=2024-12-07 14:35:33.453774, shell_line=
peername=('116.38.53.235', 52995), time=2024-12-07 14:35:33.453786, shell_line=
peername=('116.38.53.235', 52995), time=2024-12-07 14:35:33.453797, shell_line=
peername=('116.38.53.235', 52995), time=2024-12-07 14:35:33.453808, shell_line=
peername=('116.38.53.235', 52995), time=2024-12-07 14:35:33.453819, shell_line=
peername=('116.38.53.235', 52995), time=2024-12-07 14:35:33.453830, shell_line=
peername=('116.38.53.235', 52995), time=2024-12-07 14:35:33.453841, shell_line=
peername=('116.38.53.235', 52995), time=2024-12-07 14:35:33.453852, shell_line=
peername=('116.38.53.235', 52995), time=2024-12-07 14:35:33.453863, shell_line=
peername=('116.38.53.235', 52995), time=2024-12-07 14:35:33.453874, shell_line=
peername=('116.38.53.235', 52995), time=2024-12-07 14:35:33.453886, shell_line=
peername=('116.38.53.235', 52995), time=2024-12-07 14:35:33.453897, shell_line=
peername=('116.38.53.235', 52995), time=2024-12-07 14:35:33.453908, shell_line=
peername=('116.38.53.235', 52995), time=2024-12-07 14:35:33.453919, shell_line=
peername=('116.38.53.235', 52995), time=2024-12-07 14:35:33.453930, shell_line=
peername=('116.38.53.235', 52995), time=2024-12-07 14:35:33.453941, shell_line=
peername=('116.38.53.235', 52995), time=2024-12-07 14:35:33.453952, shell_line=
peername=('116.38.53.235', 52995), time=2024-12-07 14:35:33.453963, shell_line=
peername=('116.38.53.235', 52995), time=2024-12-07 14:35:33.453974, shell_line=
peername=('116.38.53.235', 52995), time=2024-12-07 14:35:33.453985, shell_line=
peername=('116.38.53.235', 52995), time=2024-12-07 14:35:33.453996, shell_line=
peername=('116.38.53.235', 52995), time=2024-12-07 14:35:33.454007, shell_line=
peername=('116.38.53.235', 52995), time=2024-12-07 14:35:33.454018, shell_line=
peername=('116.38.53.235', 52995), time=2024-12-07 14:35:33.454029, shell_line=
peername=('116.38.53.235', 52995), time=2024-12-07 14:35:33.454040, shell_line=
peername=('116.38.53.235', 52995), time=2024-12-07 14:35:33.454051, shell_line=
peername=('116.38.53.235', 52995), time=2024-12-07 14:35:33.454061, shell_line=
peername=('116.38.53.235', 52995), time=2024-12-07 14:35:33.454072, shell_line=
peername=('116.38.53.235', 52995), time=2024-12-07 14:35:33.454083, shell_line=
peername=('116.38.53.235', 52995), time=2024-12-07 14:35:33.454094, shell_line=
peername=('116.38.53.235', 52995), time=2024-12-07 14:35:33.454105, shell_line=
peername=('116.38.53.235', 52995), time=2024-12-07 14:35:33.454116, shell_line=
peername=('116.38.53.235', 52995), time=2024-12-07 14:35:33.454127, shell_line=
peername=('116.38.53.235', 52995), time=2024-12-07 14:35:33.454138, shell_line=
peername=('116.38.53.235', 52995), time=2024-12-07 14:35:33.454149, shell_line=
peername=('116.38.53.235', 52995), time=2024-12-07 14:35:33.454160, shell_line=
peername=('116.38.53.235', 52995), time=2024-12-07 14:35:33.454171, shell_line=
peername=('116.38.53.235', 52995), time=2024-12-07 14:35:33.454182, shell_line=
peername=('116.38.53.235', 52995), time=2024-12-07 14:35:33.454193, shell_line=
peername=('116.38.53.235', 52995), time=2024-12-07 14:35:33.454204, shell_line=
peername=('116.38.53.235', 52995), time=2024-12-07 14:35:33.454215, shell_line=
peername=('116.38.53.235', 52995), time=2024-12-07 14:35:33.454225, shell_line=
peername=('116.38.53.235', 52995), time=2024-12-07 14:35:33.454236, shell_line=
peername=('116.38.53.235', 52995), time=2024-12-07 14:35:33.454247, shell_line=
peername=('116.38.53.235', 52995), time=2024-12-07 14:35:33.454260, shell_line=
peername=('116.38.53.235', 52995), time=2024-12-07 14:35:33.454273, shell_line=
peername=('116.38.53.235', 52995), time=2024-12-07 14:35:33.454284, shell_line=
peername=('116.38.53.235', 52995), time=2024-12-07 14:35:33.454295, shell_line=
