start
SERVER STARTS - 2024-12-10 18:15:14.940482 
Authenticated!
peername=('80.238.125.174', 59044), time=2024-12-10 18:15:27.833649, shell_line=d
peername=('80.238.125.174', 59044), time=2024-12-10 18:15:27.853932, shell_line=dw
peername=('80.238.125.174', 59044), time=2024-12-10 18:15:27.875717, shell_line=dwq
peername=('80.238.125.174', 59044), time=2024-12-10 18:15:28.086183, shell_line=dwq2
peername=('80.238.125.174', 59044), time=2024-12-10 18:15:28.086773, shell_line=dwq21
peername=('80.238.125.174', 59044), time=2024-12-10 18:15:28.087099, shell_line=dwq213
peername=('80.238.125.174', 59044), time=2024-12-10 18:15:28.196757, shell_line=dwq2134
peername=('80.238.125.174', 59044), time=2024-12-10 18:15:28.197119, shell_line=dwq2134r
peername=('80.238.125.174', 59044), time=2024-12-10 18:15:28.470519, shell_line=dwq2134rr
peername=('80.238.125.174', 59044), time=2024-12-10 18:15:28.471155, shell_line=dwq2134rr3
peername=('80.238.125.174', 59044), time=2024-12-10 18:15:28.471496, shell_line=dwq2134rr32
peername=('80.238.125.174', 59044), time=2024-12-10 18:15:28.677105, shell_line=
peername=('80.238.125.174', 59044), time=2024-12-10 18:15:29.437627, shell_line=
SERVER STARTS - 2024-12-10 18:16:29.573073 
SERVER STARTS - 2024-12-10 18:23:06.928535 
Authenticated!
peername=('211.118.179.3', 56696), time=2024-12-10 18:25:35.528240, shell_line=
peername=('211.118.179.3', 56696), time=2024-12-10 18:25:35.528580, shell_line=
peername=('211.118.179.3', 56696), time=2024-12-10 18:25:35.528813, shell_line=
peername=('211.118.179.3', 56696), time=2024-12-10 18:25:35.529043, shell_line=
peername=('211.118.179.3', 56696), time=2024-12-10 18:25:35.529270, shell_line=
peername=('211.118.179.3', 56696), time=2024-12-10 18:25:35.529492, shell_line=
peername=('211.118.179.3', 56696), time=2024-12-10 18:25:35.529701, shell_line=
peername=('211.118.179.3', 56696), time=2024-12-10 18:25:35.530107, shell_line=
peername=('211.118.179.3', 56696), time=2024-12-10 18:25:35.530308, shell_line=
peername=('211.118.179.3', 56696), time=2024-12-10 18:25:35.530506, shell_line=
peername=('211.118.179.3', 56696), time=2024-12-10 18:25:35.530702, shell_line=
peername=('211.118.179.3', 56696), time=2024-12-10 18:25:35.531040, shell_line=
peername=('211.118.179.3', 56696), time=2024-12-10 18:25:35.531209, shell_line=
peername=('211.118.179.3', 56696), time=2024-12-10 18:25:35.531387, shell_line=
peername=('211.118.179.3', 56696), time=2024-12-10 18:25:35.531556, shell_line=
peername=('211.118.179.3', 56696), time=2024-12-10 18:25:35.531722, shell_line=
peername=('211.118.179.3', 56696), time=2024-12-10 18:25:35.531891, shell_line=
peername=('211.118.179.3', 56696), time=2024-12-10 18:25:35.532083, shell_line=
peername=('211.118.179.3', 56696), time=2024-12-10 18:25:35.532250, shell_line=
peername=('211.118.179.3', 56696), time=2024-12-10 18:25:35.532415, shell_line=
peername=('211.118.179.3', 56696), time=2024-12-10 18:25:35.532581, shell_line=
peername=('211.118.179.3', 56696), time=2024-12-10 18:25:35.532745, shell_line=
peername=('211.118.179.3', 56696), time=2024-12-10 18:25:35.532909, shell_line=
peername=('211.118.179.3', 56696), time=2024-12-10 18:25:35.533072, shell_line=
peername=('211.118.179.3', 56696), time=2024-12-10 18:25:35.533235, shell_line=
peername=('211.118.179.3', 56696), time=2024-12-10 18:25:35.533391, shell_line=
peername=('211.118.179.3', 56696), time=2024-12-10 18:25:35.533545, shell_line=
peername=('211.118.179.3', 56696), time=2024-12-10 18:25:35.533698, shell_line=
peername=('211.118.179.3', 56696), time=2024-12-10 18:25:35.533848, shell_line=
peername=('211.118.179.3', 56696), time=2024-12-10 18:25:35.533996, shell_line=
peername=('211.118.179.3', 56696), time=2024-12-10 18:25:35.534160, shell_line=
peername=('211.118.179.3', 56696), time=2024-12-10 18:25:35.534305, shell_line=
peername=('211.118.179.3', 56696), time=2024-12-10 18:25:35.534448, shell_line=
peername=('211.118.179.3', 56696), time=2024-12-10 18:25:35.534588, shell_line=
peername=('211.118.179.3', 56696), time=2024-12-10 18:25:35.534726, shell_line=
peername=('211.118.179.3', 56696), time=2024-12-10 18:25:35.534863, shell_line=
peername=('211.118.179.3', 56696), time=2024-12-10 18:25:35.534997, shell_line=
peername=('211.118.179.3', 56696), time=2024-12-10 18:25:35.535130, shell_line=
peername=('211.118.179.3', 56696), time=2024-12-10 18:25:35.535260, shell_line=
peername=('211.118.179.3', 56696), time=2024-12-10 18:25:35.535388, shell_line=
peername=('211.118.179.3', 56696), time=2024-12-10 18:25:35.535514, shell_line=
peername=('211.118.179.3', 56696), time=2024-12-10 18:25:35.535637, shell_line=
peername=('211.118.179.3', 56696), time=2024-12-10 18:25:35.535758, shell_line=
peername=('211.118.179.3', 56696), time=2024-12-10 18:25:35.535878, shell_line=
peername=('211.118.179.3', 56696), time=2024-12-10 18:25:35.535995, shell_line=
peername=('211.118.179.3', 56696), time=2024-12-10 18:25:35.536177, shell_line=
peername=('211.118.179.3', 56696), time=2024-12-10 18:25:35.536288, shell_line=
peername=('211.118.179.3', 56696), time=2024-12-10 18:25:35.536398, shell_line=
peername=('211.118.179.3', 56696), time=2024-12-10 18:25:35.536505, shell_line=
peername=('211.118.179.3', 56696), time=2024-12-10 18:25:35.536610, shell_line=
peername=('211.118.179.3', 56696), time=2024-12-10 18:25:35.536707, shell_line=
peername=('211.118.179.3', 56696), time=2024-12-10 18:25:35.536805, shell_line=
peername=('211.118.179.3', 56696), time=2024-12-10 18:25:35.536902, shell_line=
peername=('211.118.179.3', 56696), time=2024-12-10 18:25:35.537013, shell_line=
peername=('211.118.179.3', 56696), time=2024-12-10 18:25:35.537110, shell_line=
peername=('211.118.179.3', 56696), time=2024-12-10 18:25:35.537208, shell_line=
peername=('211.118.179.3', 56696), time=2024-12-10 18:25:35.537306, shell_line=
peername=('211.118.179.3', 56696), time=2024-12-10 18:25:35.537404, shell_line=
peername=('211.118.179.3', 56696), time=2024-12-10 18:25:35.537501, shell_line=
peername=('211.118.179.3', 56696), time=2024-12-10 18:25:35.537599, shell_line=
peername=('211.118.179.3', 56696), time=2024-12-10 18:25:35.537698, shell_line=
peername=('211.118.179.3', 56696), time=2024-12-10 18:25:35.537796, shell_line=
peername=('211.118.179.3', 56696), time=2024-12-10 18:25:35.537893, shell_line=
peername=('211.118.179.3', 56696), time=2024-12-10 18:25:35.537991, shell_line=
peername=('211.118.179.3', 56696), time=2024-12-10 18:25:35.599382, shell_line=
peername=('211.118.179.3', 56696), time=2024-12-10 18:25:35.599512, shell_line=
peername=('211.118.179.3', 56696), time=2024-12-10 18:25:35.599618, shell_line=
peername=('211.118.179.3', 56696), time=2024-12-10 18:25:35.599719, shell_line=
peername=('211.118.179.3', 56696), time=2024-12-10 18:25:35.599819, shell_line=
peername=('211.118.179.3', 56696), time=2024-12-10 18:25:35.599918, shell_line=
peername=('211.118.179.3', 56696), time=2024-12-10 18:25:35.600016, shell_line=
peername=('211.118.179.3', 56696), time=2024-12-10 18:25:35.600116, shell_line=
peername=('211.118.179.3', 56696), time=2024-12-10 18:25:35.600215, shell_line=
peername=('211.118.179.3', 56696), time=2024-12-10 18:25:35.600319, shell_line=
peername=('211.118.179.3', 56696), time=2024-12-10 18:25:35.600419, shell_line=
peername=('211.118.179.3', 56696), time=2024-12-10 18:25:35.600519, shell_line=
peername=('211.118.179.3', 56696), time=2024-12-10 18:25:35.600617, shell_line=
peername=('211.118.179.3', 56696), time=2024-12-10 18:25:35.600905, shell_line=
peername=('211.118.179.3', 56696), time=2024-12-10 18:25:35.601004, shell_line=
peername=('211.118.179.3', 56696), time=2024-12-10 18:25:35.601103, shell_line=
peername=('211.118.179.3', 56696), time=2024-12-10 18:25:35.601201, shell_line=
peername=('211.118.179.3', 56696), time=2024-12-10 18:25:35.601300, shell_line=
peername=('211.118.179.3', 56696), time=2024-12-10 18:25:35.601398, shell_line=
peername=('211.118.179.3', 56696), time=2024-12-10 18:25:35.601498, shell_line=
peername=('211.118.179.3', 56696), time=2024-12-10 18:25:35.601596, shell_line=
peername=('211.118.179.3', 56696), time=2024-12-10 18:25:35.601695, shell_line=
peername=('211.118.179.3', 56696), time=2024-12-10 18:25:35.601794, shell_line=
peername=('211.118.179.3', 56696), time=2024-12-10 18:25:35.601892, shell_line=
peername=('211.118.179.3', 56696), time=2024-12-10 18:25:35.602014, shell_line=
peername=('211.118.179.3', 56696), time=2024-12-10 18:25:35.602131, shell_line=
peername=('211.118.179.3', 56696), time=2024-12-10 18:25:35.602233, shell_line=
peername=('211.118.179.3', 56696), time=2024-12-10 18:25:35.602346, shell_line=
peername=('211.118.179.3', 56696), time=2024-12-10 18:25:35.602448, shell_line=
peername=('211.118.179.3', 56696), time=2024-12-10 18:25:35.602547, shell_line=
peername=('211.118.179.3', 56696), time=2024-12-10 18:25:35.602647, shell_line=
peername=('211.118.179.3', 56696), time=2024-12-10 18:25:35.602745, shell_line=
peername=('211.118.179.3', 56696), time=2024-12-10 18:25:35.603024, shell_line=
peername=('211.118.179.3', 56696), time=2024-12-10 18:25:35.603125, shell_line=
peername=('211.118.179.3', 56696), time=2024-12-10 18:25:35.603225, shell_line=
peername=('211.118.179.3', 56696), time=2024-12-10 18:25:35.603324, shell_line=
peername=('211.118.179.3', 56696), time=2024-12-10 18:25:35.603424, shell_line=
peername=('211.118.179.3', 56696), time=2024-12-10 18:25:35.603526, shell_line=
peername=('211.118.179.3', 56696), time=2024-12-10 18:25:35.603661, shell_line=
peername=('211.118.179.3', 56696), time=2024-12-10 18:25:35.603942, shell_line=
peername=('211.118.179.3', 56696), time=2024-12-10 18:25:35.604042, shell_line=
peername=('211.118.179.3', 56696), time=2024-12-10 18:25:35.604141, shell_line=
peername=('211.118.179.3', 56696), time=2024-12-10 18:25:35.604241, shell_line=
peername=('211.118.179.3', 56696), time=2024-12-10 18:25:35.604339, shell_line=
peername=('211.118.179.3', 56696), time=2024-12-10 18:25:35.604438, shell_line=
peername=('211.118.179.3', 56696), time=2024-12-10 18:25:35.604538, shell_line=
peername=('211.118.179.3', 56696), time=2024-12-10 18:25:35.604636, shell_line=
peername=('211.118.179.3', 56696), time=2024-12-10 18:25:35.604734, shell_line=
peername=('211.118.179.3', 56696), time=2024-12-10 18:25:35.604832, shell_line=
peername=('211.118.179.3', 56696), time=2024-12-10 18:25:35.605105, shell_line=
peername=('211.118.179.3', 56696), time=2024-12-10 18:25:35.605203, shell_line=
peername=('211.118.179.3', 56696), time=2024-12-10 18:25:35.605301, shell_line=
peername=('211.118.179.3', 56696), time=2024-12-10 18:25:35.605399, shell_line=
peername=('211.118.179.3', 56696), time=2024-12-10 18:25:35.605498, shell_line=
peername=('211.118.179.3', 56696), time=2024-12-10 18:25:35.605596, shell_line=
peername=('211.118.179.3', 56696), time=2024-12-10 18:25:35.605694, shell_line=
peername=('211.118.179.3', 56696), time=2024-12-10 18:25:35.605793, shell_line=
peername=('211.118.179.3', 56696), time=2024-12-10 18:25:35.605891, shell_line=
peername=('211.118.179.3', 56696), time=2024-12-10 18:25:35.605989, shell_line=
peername=('211.118.179.3', 56696), time=2024-12-10 18:25:35.606163, shell_line=
peername=('211.118.179.3', 56696), time=2024-12-10 18:25:35.606273, shell_line=
peername=('211.118.179.3', 56696), time=2024-12-10 18:25:35.606373, shell_line=
peername=('211.118.179.3', 56696), time=2024-12-10 18:25:35.606471, shell_line=
peername=('211.118.179.3', 56696), time=2024-12-10 18:25:35.606568, shell_line=
peername=('211.118.179.3', 56696), time=2024-12-10 18:25:35.606664, shell_line=
peername=('211.118.179.3', 56696), time=2024-12-10 18:25:35.606761, shell_line=
peername=('211.118.179.3', 56696), time=2024-12-10 18:25:35.606925, shell_line=
peername=('211.118.179.3', 56696), time=2024-12-10 18:25:35.607021, shell_line=
peername=('211.118.179.3', 56696), time=2024-12-10 18:25:35.607117, shell_line=
peername=('211.118.179.3', 56696), time=2024-12-10 18:25:35.607213, shell_line=
peername=('211.118.179.3', 56696), time=2024-12-10 18:25:35.607309, shell_line=
peername=('211.118.179.3', 56696), time=2024-12-10 18:25:35.607405, shell_line=
peername=('211.118.179.3', 56696), time=2024-12-10 18:25:35.607501, shell_line=
peername=('211.118.179.3', 56696), time=2024-12-10 18:25:35.607597, shell_line=
peername=('211.118.179.3', 56696), time=2024-12-10 18:25:35.607692, shell_line=
peername=('211.118.179.3', 56696), time=2024-12-10 18:25:35.607788, shell_line=
peername=('211.118.179.3', 56696), time=2024-12-10 18:25:35.607884, shell_line=
peername=('211.118.179.3', 56696), time=2024-12-10 18:25:35.607980, shell_line=
peername=('211.118.179.3', 56696), time=2024-12-10 18:25:35.608076, shell_line=
peername=('211.118.179.3', 56696), time=2024-12-10 18:25:35.608172, shell_line=
peername=('211.118.179.3', 56696), time=2024-12-10 18:25:35.608271, shell_line=
peername=('211.118.179.3', 56696), time=2024-12-10 18:25:35.608370, shell_line=
peername=('211.118.179.3', 56696), time=2024-12-10 18:25:35.608468, shell_line=
peername=('211.118.179.3', 56696), time=2024-12-10 18:25:35.608567, shell_line=
peername=('211.118.179.3', 56696), time=2024-12-10 18:25:35.608666, shell_line=
peername=('211.118.179.3', 56696), time=2024-12-10 18:25:35.608764, shell_line=
peername=('211.118.179.3', 56696), time=2024-12-10 18:25:35.608863, shell_line=
peername=('211.118.179.3', 56696), time=2024-12-10 18:25:35.608962, shell_line=
peername=('211.118.179.3', 56696), time=2024-12-10 18:25:35.609061, shell_line=
peername=('211.118.179.3', 56696), time=2024-12-10 18:25:35.609160, shell_line=
peername=('211.118.179.3', 56696), time=2024-12-10 18:25:35.609260, shell_line=
peername=('211.118.179.3', 56696), time=2024-12-10 18:25:35.609359, shell_line=
peername=('211.118.179.3', 56696), time=2024-12-10 18:25:35.609458, shell_line=
peername=('211.118.179.3', 56696), time=2024-12-10 18:25:35.609558, shell_line=
peername=('211.118.179.3', 56696), time=2024-12-10 18:25:35.609657, shell_line=
peername=('211.118.179.3', 56696), time=2024-12-10 18:25:35.609756, shell_line=
peername=('211.118.179.3', 56696), time=2024-12-10 18:25:35.609855, shell_line=
peername=('211.118.179.3', 56696), time=2024-12-10 18:25:35.609955, shell_line=
peername=('211.118.179.3', 56696), time=2024-12-10 18:25:35.610054, shell_line=
peername=('211.118.179.3', 56696), time=2024-12-10 18:25:35.610182, shell_line=
peername=('211.118.179.3', 56696), time=2024-12-10 18:25:35.610288, shell_line=
peername=('211.118.179.3', 56696), time=2024-12-10 18:25:35.610391, shell_line=
peername=('211.118.179.3', 56696), time=2024-12-10 18:25:35.610494, shell_line=
peername=('211.118.179.3', 56696), time=2024-12-10 18:25:35.610596, shell_line=
peername=('211.118.179.3', 56696), time=2024-12-10 18:25:35.610698, shell_line=
peername=('211.118.179.3', 56696), time=2024-12-10 18:25:35.610800, shell_line=
peername=('211.118.179.3', 56696), time=2024-12-10 18:25:35.610902, shell_line=
peername=('211.118.179.3', 56696), time=2024-12-10 18:25:35.611110, shell_line=
peername=('211.118.179.3', 56696), time=2024-12-10 18:25:35.611211, shell_line=
peername=('211.118.179.3', 56696), time=2024-12-10 18:25:35.611313, shell_line=
peername=('211.118.179.3', 56696), time=2024-12-10 18:25:35.611415, shell_line=
peername=('211.118.179.3', 56696), time=2024-12-10 18:25:35.611517, shell_line=
peername=('211.118.179.3', 56696), time=2024-12-10 18:25:35.611620, shell_line=
peername=('211.118.179.3', 56696), time=2024-12-10 18:25:35.611723, shell_line=
peername=('211.118.179.3', 56696), time=2024-12-10 18:25:35.611948, shell_line=
peername=('211.118.179.3', 56696), time=2024-12-10 18:25:35.612071, shell_line=
peername=('211.118.179.3', 56696), time=2024-12-10 18:25:35.612174, shell_line=
peername=('211.118.179.3', 56696), time=2024-12-10 18:25:35.612276, shell_line=
peername=('211.118.179.3', 56696), time=2024-12-10 18:25:35.612378, shell_line=
peername=('211.118.179.3', 56696), time=2024-12-10 18:25:35.612481, shell_line=
peername=('211.118.179.3', 56696), time=2024-12-10 18:25:35.612583, shell_line=
peername=('211.118.179.3', 56696), time=2024-12-10 18:25:35.612686, shell_line=
peername=('211.118.179.3', 56696), time=2024-12-10 18:25:35.612788, shell_line=
peername=('211.118.179.3', 56696), time=2024-12-10 18:25:35.612890, shell_line=
peername=('211.118.179.3', 56696), time=2024-12-10 18:25:35.612992, shell_line=
peername=('211.118.179.3', 56696), time=2024-12-10 18:25:35.613094, shell_line=
peername=('211.118.179.3', 56696), time=2024-12-10 18:25:35.613196, shell_line=
peername=('211.118.179.3', 56696), time=2024-12-10 18:25:35.613298, shell_line=
peername=('211.118.179.3', 56696), time=2024-12-10 18:25:35.613401, shell_line=
peername=('211.118.179.3', 56696), time=2024-12-10 18:25:35.613503, shell_line=
peername=('211.118.179.3', 56696), time=2024-12-10 18:25:35.613605, shell_line=
peername=('211.118.179.3', 56696), time=2024-12-10 18:25:35.613707, shell_line=
peername=('211.118.179.3', 56696), time=2024-12-10 18:25:35.613809, shell_line=
peername=('211.118.179.3', 56696), time=2024-12-10 18:25:35.613938, shell_line=
peername=('211.118.179.3', 56696), time=2024-12-10 18:25:35.614040, shell_line=
peername=('211.118.179.3', 56696), time=2024-12-10 18:25:35.614154, shell_line=
peername=('211.118.179.3', 56696), time=2024-12-10 18:25:35.614257, shell_line=
peername=('211.118.179.3', 56696), time=2024-12-10 18:25:35.614360, shell_line=
peername=('211.118.179.3', 56696), time=2024-12-10 18:25:35.614462, shell_line=
peername=('211.118.179.3', 56696), time=2024-12-10 18:25:35.614564, shell_line=
peername=('211.118.179.3', 56696), time=2024-12-10 18:25:35.614689, shell_line=
peername=('211.118.179.3', 56696), time=2024-12-10 18:25:35.614961, shell_line=
peername=('211.118.179.3', 56696), time=2024-12-10 18:25:35.615064, shell_line=
peername=('211.118.179.3', 56696), time=2024-12-10 18:25:35.615167, shell_line=
peername=('211.118.179.3', 56696), time=2024-12-10 18:25:35.615270, shell_line=
peername=('211.118.179.3', 56696), time=2024-12-10 18:25:35.615372, shell_line=
peername=('211.118.179.3', 56696), time=2024-12-10 18:25:35.615475, shell_line=
peername=('211.118.179.3', 56696), time=2024-12-10 18:25:35.615578, shell_line=
peername=('211.118.179.3', 56696), time=2024-12-10 18:25:35.615680, shell_line=
peername=('211.118.179.3', 56696), time=2024-12-10 18:25:35.615782, shell_line=
peername=('211.118.179.3', 56696), time=2024-12-10 18:25:35.615885, shell_line=
peername=('211.118.179.3', 56696), time=2024-12-10 18:25:35.615987, shell_line=
peername=('211.118.179.3', 56696), time=2024-12-10 18:25:35.616089, shell_line=
peername=('211.118.179.3', 56696), time=2024-12-10 18:25:35.616192, shell_line=
peername=('211.118.179.3', 56696), time=2024-12-10 18:25:35.616298, shell_line=
peername=('211.118.179.3', 56696), time=2024-12-10 18:25:35.616401, shell_line=
peername=('211.118.179.3', 56696), time=2024-12-10 18:25:35.616504, shell_line=
peername=('211.118.179.3', 56696), time=2024-12-10 18:25:35.616606, shell_line=
peername=('211.118.179.3', 56696), time=2024-12-10 18:25:35.616709, shell_line=
peername=('211.118.179.3', 56696), time=2024-12-10 18:25:35.616811, shell_line=
peername=('211.118.179.3', 56696), time=2024-12-10 18:25:35.616913, shell_line=
peername=('211.118.179.3', 56696), time=2024-12-10 18:25:35.617016, shell_line=
peername=('211.118.179.3', 56696), time=2024-12-10 18:25:35.617118, shell_line=
peername=('211.118.179.3', 56696), time=2024-12-10 18:25:35.617221, shell_line=
peername=('211.118.179.3', 56696), time=2024-12-10 18:25:35.617324, shell_line=
peername=('211.118.179.3', 56696), time=2024-12-10 18:25:35.617426, shell_line=
peername=('211.118.179.3', 56696), time=2024-12-10 18:25:35.617529, shell_line=
peername=('211.118.179.3', 56696), time=2024-12-10 18:25:35.617631, shell_line=
peername=('211.118.179.3', 56696), time=2024-12-10 18:25:35.617734, shell_line=
peername=('211.118.179.3', 56696), time=2024-12-10 18:25:35.617836, shell_line=
peername=('211.118.179.3', 56696), time=2024-12-10 18:25:35.617939, shell_line=
peername=('211.118.179.3', 56696), time=2024-12-10 18:25:35.618041, shell_line=
peername=('211.118.179.3', 56696), time=2024-12-10 18:25:35.618161, shell_line=
peername=('211.118.179.3', 56696), time=2024-12-10 18:25:35.618265, shell_line=
peername=('211.118.179.3', 56696), time=2024-12-10 18:25:35.618369, shell_line=
peername=('211.118.179.3', 56696), time=2024-12-10 18:25:35.618471, shell_line=
peername=('211.118.179.3', 56696), time=2024-12-10 18:25:35.618573, shell_line=
peername=('211.118.179.3', 56696), time=2024-12-10 18:25:35.618676, shell_line=
peername=('211.118.179.3', 56696), time=2024-12-10 18:25:35.618779, shell_line=
peername=('211.118.179.3', 56696), time=2024-12-10 18:25:35.618881, shell_line=
peername=('211.118.179.3', 56696), time=2024-12-10 18:25:35.618983, shell_line=
peername=('211.118.179.3', 56696), time=2024-12-10 18:25:35.619085, shell_line=
peername=('211.118.179.3', 56696), time=2024-12-10 18:25:35.619188, shell_line=
peername=('211.118.179.3', 56696), time=2024-12-10 18:25:35.619290, shell_line=
peername=('211.118.179.3', 56696), time=2024-12-10 18:25:35.619392, shell_line=
peername=('211.118.179.3', 56696), time=2024-12-10 18:25:35.619496, shell_line=
peername=('211.118.179.3', 56696), time=2024-12-10 18:25:35.619598, shell_line=
peername=('211.118.179.3', 56696), time=2024-12-10 18:25:35.619701, shell_line=
peername=('211.118.179.3', 56696), time=2024-12-10 18:25:35.619803, shell_line=
peername=('211.118.179.3', 56696), time=2024-12-10 18:25:35.619905, shell_line=
peername=('211.118.179.3', 56696), time=2024-12-10 18:25:35.620008, shell_line=
peername=('211.118.179.3', 56696), time=2024-12-10 18:25:35.620110, shell_line=
peername=('211.118.179.3', 56696), time=2024-12-10 18:25:35.620213, shell_line=
peername=('211.118.179.3', 56696), time=2024-12-10 18:25:35.620315, shell_line=
peername=('211.118.179.3', 56696), time=2024-12-10 18:25:35.620418, shell_line=
peername=('211.118.179.3', 56696), time=2024-12-10 18:25:35.620521, shell_line=
peername=('211.118.179.3', 56696), time=2024-12-10 18:25:35.620624, shell_line=
peername=('211.118.179.3', 56696), time=2024-12-10 18:25:35.620726, shell_line=
peername=('211.118.179.3', 56696), time=2024-12-10 18:25:35.620829, shell_line=
peername=('211.118.179.3', 56696), time=2024-12-10 18:25:35.620931, shell_line=
peername=('211.118.179.3', 56696), time=2024-12-10 18:25:35.621034, shell_line=
peername=('211.118.179.3', 56696), time=2024-12-10 18:25:35.621137, shell_line=
peername=('211.118.179.3', 56696), time=2024-12-10 18:25:35.621239, shell_line=
peername=('211.118.179.3', 56696), time=2024-12-10 18:25:35.621342, shell_line=
peername=('211.118.179.3', 56696), time=2024-12-10 18:25:35.621445, shell_line=
peername=('211.118.179.3', 56696), time=2024-12-10 18:25:35.621547, shell_line=
peername=('211.118.179.3', 56696), time=2024-12-10 18:25:35.621650, shell_line=
peername=('211.118.179.3', 56696), time=2024-12-10 18:25:35.621752, shell_line=
peername=('211.118.179.3', 56696), time=2024-12-10 18:25:35.621855, shell_line=
peername=('211.118.179.3', 56696), time=2024-12-10 18:25:35.621957, shell_line=
peername=('211.118.179.3', 56696), time=2024-12-10 18:25:35.622088, shell_line=
peername=('211.118.179.3', 56696), time=2024-12-10 18:25:35.622193, shell_line=
peername=('211.118.179.3', 56696), time=2024-12-10 18:25:35.622296, shell_line=
peername=('211.118.179.3', 56696), time=2024-12-10 18:25:35.622398, shell_line=
peername=('211.118.179.3', 56696), time=2024-12-10 18:25:35.622501, shell_line=
peername=('211.118.179.3', 56696), time=2024-12-10 18:25:35.622603, shell_line=
peername=('211.118.179.3', 56696), time=2024-12-10 18:25:35.622706, shell_line=
peername=('211.118.179.3', 56696), time=2024-12-10 18:25:35.622808, shell_line=
peername=('211.118.179.3', 56696), time=2024-12-10 18:25:35.622911, shell_line=
peername=('211.118.179.3', 56696), time=2024-12-10 18:25:35.623013, shell_line=
peername=('211.118.179.3', 56696), time=2024-12-10 18:25:35.623116, shell_line=
peername=('211.118.179.3', 56696), time=2024-12-10 18:25:35.623221, shell_line=
peername=('211.118.179.3', 56696), time=2024-12-10 18:25:35.623323, shell_line=
peername=('211.118.179.3', 56696), time=2024-12-10 18:25:35.623426, shell_line=
peername=('211.118.179.3', 56696), time=2024-12-10 18:25:35.623528, shell_line=
peername=('211.118.179.3', 56696), time=2024-12-10 18:25:35.623630, shell_line=
peername=('211.118.179.3', 56696), time=2024-12-10 18:25:35.623733, shell_line=
peername=('211.118.179.3', 56696), time=2024-12-10 18:25:35.623835, shell_line=
peername=('211.118.179.3', 56696), time=2024-12-10 18:25:35.623938, shell_line=
peername=('211.118.179.3', 56696), time=2024-12-10 18:25:35.624040, shell_line=
peername=('211.118.179.3', 56696), time=2024-12-10 18:25:35.624143, shell_line=
peername=('211.118.179.3', 56696), time=2024-12-10 18:25:35.624245, shell_line=
peername=('211.118.179.3', 56696), time=2024-12-10 18:25:35.624348, shell_line=
peername=('211.118.179.3', 56696), time=2024-12-10 18:25:35.624450, shell_line=
peername=('211.118.179.3', 56696), time=2024-12-10 18:25:35.624552, shell_line=
peername=('211.118.179.3', 56696), time=2024-12-10 18:25:35.624655, shell_line=
peername=('211.118.179.3', 56696), time=2024-12-10 18:25:35.624757, shell_line=
peername=('211.118.179.3', 56696), time=2024-12-10 18:25:35.624860, shell_line=
peername=('211.118.179.3', 56696), time=2024-12-10 18:25:35.624962, shell_line=
peername=('211.118.179.3', 56696), time=2024-12-10 18:25:35.625065, shell_line=
peername=('211.118.179.3', 56696), time=2024-12-10 18:25:35.625167, shell_line=
peername=('211.118.179.3', 56696), time=2024-12-10 18:25:35.625270, shell_line=
peername=('211.118.179.3', 56696), time=2024-12-10 18:25:35.625386, shell_line=
peername=('211.118.179.3', 56696), time=2024-12-10 18:25:35.625490, shell_line=
peername=('211.118.179.3', 56696), time=2024-12-10 18:25:35.625593, shell_line=
peername=('211.118.179.3', 56696), time=2024-12-10 18:25:35.625707, shell_line=
peername=('211.118.179.3', 56696), time=2024-12-10 18:25:35.625809, shell_line=
peername=('211.118.179.3', 56696), time=2024-12-10 18:25:35.625912, shell_line=
peername=('211.118.179.3', 56696), time=2024-12-10 18:25:35.626054, shell_line=
peername=('211.118.179.3', 56696), time=2024-12-10 18:25:35.626173, shell_line=
peername=('211.118.179.3', 56696), time=2024-12-10 18:25:35.626277, shell_line=
peername=('211.118.179.3', 56696), time=2024-12-10 18:25:35.626379, shell_line=
peername=('211.118.179.3', 56696), time=2024-12-10 18:25:35.626482, shell_line=
peername=('211.118.179.3', 56696), time=2024-12-10 18:25:35.626585, shell_line=
peername=('211.118.179.3', 56696), time=2024-12-10 18:25:35.626687, shell_line=
peername=('211.118.179.3', 56696), time=2024-12-10 18:25:35.626792, shell_line=
peername=('211.118.179.3', 56696), time=2024-12-10 18:25:35.626894, shell_line=
peername=('211.118.179.3', 56696), time=2024-12-10 18:25:35.626996, shell_line=
peername=('211.118.179.3', 56696), time=2024-12-10 18:25:35.627098, shell_line=
peername=('211.118.179.3', 56696), time=2024-12-10 18:25:35.627201, shell_line=
peername=('211.118.179.3', 56696), time=2024-12-10 18:25:35.627303, shell_line=
peername=('211.118.179.3', 56696), time=2024-12-10 18:25:35.627405, shell_line=
peername=('211.118.179.3', 56696), time=2024-12-10 18:25:35.627507, shell_line=
peername=('211.118.179.3', 56696), time=2024-12-10 18:25:35.627610, shell_line=
peername=('211.118.179.3', 56696), time=2024-12-10 18:25:35.627712, shell_line=
peername=('211.118.179.3', 56696), time=2024-12-10 18:25:35.627815, shell_line=
peername=('211.118.179.3', 56696), time=2024-12-10 18:25:35.627917, shell_line=
peername=('211.118.179.3', 56696), time=2024-12-10 18:25:35.628020, shell_line=
peername=('211.118.179.3', 56696), time=2024-12-10 18:25:35.628122, shell_line=
peername=('211.118.179.3', 56696), time=2024-12-10 18:25:35.628225, shell_line=
peername=('211.118.179.3', 56696), time=2024-12-10 18:25:35.628327, shell_line=
peername=('211.118.179.3', 56696), time=2024-12-10 18:25:35.628456, shell_line=
peername=('211.118.179.3', 56696), time=2024-12-10 18:25:35.628564, shell_line=
peername=('211.118.179.3', 56696), time=2024-12-10 18:25:35.628667, shell_line=
peername=('211.118.179.3', 56696), time=2024-12-10 18:25:35.628771, shell_line=
peername=('211.118.179.3', 56696), time=2024-12-10 18:25:35.628874, shell_line=
peername=('211.118.179.3', 56696), time=2024-12-10 18:25:35.628977, shell_line=
peername=('211.118.179.3', 56696), time=2024-12-10 18:25:35.629079, shell_line=
peername=('211.118.179.3', 56696), time=2024-12-10 18:25:35.629182, shell_line=
peername=('211.118.179.3', 56696), time=2024-12-10 18:25:35.629284, shell_line=
peername=('211.118.179.3', 56696), time=2024-12-10 18:25:35.629386, shell_line=
peername=('211.118.179.3', 56696), time=2024-12-10 18:25:35.629489, shell_line=
peername=('211.118.179.3', 56696), time=2024-12-10 18:25:35.629591, shell_line=
peername=('211.118.179.3', 56696), time=2024-12-10 18:25:35.629693, shell_line=
peername=('211.118.179.3', 56696), time=2024-12-10 18:25:35.629795, shell_line=
peername=('211.118.179.3', 56696), time=2024-12-10 18:25:35.629897, shell_line=
peername=('211.118.179.3', 56696), time=2024-12-10 18:25:35.630000, shell_line=
peername=('211.118.179.3', 56696), time=2024-12-10 18:25:35.630102, shell_line=
peername=('211.118.179.3', 56696), time=2024-12-10 18:25:35.630216, shell_line=
peername=('211.118.179.3', 56696), time=2024-12-10 18:25:35.630320, shell_line=
peername=('211.118.179.3', 56696), time=2024-12-10 18:25:35.630423, shell_line=
peername=('211.118.179.3', 56696), time=2024-12-10 18:25:35.630525, shell_line=
peername=('211.118.179.3', 56696), time=2024-12-10 18:25:35.630629, shell_line=
peername=('211.118.179.3', 56696), time=2024-12-10 18:25:35.630731, shell_line=
peername=('211.118.179.3', 56696), time=2024-12-10 18:25:35.630834, shell_line=
peername=('211.118.179.3', 56696), time=2024-12-10 18:25:35.630936, shell_line=
peername=('211.118.179.3', 56696), time=2024-12-10 18:25:35.631039, shell_line=
peername=('211.118.179.3', 56696), time=2024-12-10 18:25:35.631141, shell_line=
peername=('211.118.179.3', 56696), time=2024-12-10 18:25:35.631243, shell_line=
peername=('211.118.179.3', 56696), time=2024-12-10 18:25:35.631346, shell_line=
peername=('211.118.179.3', 56696), time=2024-12-10 18:25:35.631448, shell_line=
peername=('211.118.179.3', 56696), time=2024-12-10 18:25:35.631551, shell_line=
peername=('211.118.179.3', 56696), time=2024-12-10 18:25:35.631653, shell_line=
peername=('211.118.179.3', 56696), time=2024-12-10 18:25:35.631756, shell_line=
peername=('211.118.179.3', 56696), time=2024-12-10 18:25:35.631859, shell_line=
peername=('211.118.179.3', 56696), time=2024-12-10 18:25:35.631961, shell_line=
peername=('211.118.179.3', 56696), time=2024-12-10 18:25:35.632078, shell_line=
peername=('211.118.179.3', 56696), time=2024-12-10 18:25:35.632183, shell_line=
peername=('211.118.179.3', 56696), time=2024-12-10 18:25:35.632285, shell_line=
peername=('211.118.179.3', 56696), time=2024-12-10 18:25:35.632388, shell_line=
peername=('211.118.179.3', 56696), time=2024-12-10 18:25:35.632490, shell_line=
peername=('211.118.179.3', 56696), time=2024-12-10 18:25:35.632592, shell_line=
peername=('211.118.179.3', 56696), time=2024-12-10 18:25:35.632694, shell_line=
peername=('211.118.179.3', 56696), time=2024-12-10 18:25:35.632797, shell_line=
peername=('211.118.179.3', 56696), time=2024-12-10 18:25:35.632900, shell_line=
peername=('211.118.179.3', 56696), time=2024-12-10 18:25:35.633002, shell_line=
peername=('211.118.179.3', 56696), time=2024-12-10 18:25:35.633104, shell_line=
peername=('211.118.179.3', 56696), time=2024-12-10 18:25:35.633207, shell_line=
peername=('211.118.179.3', 56696), time=2024-12-10 18:25:35.633310, shell_line=
peername=('211.118.179.3', 56696), time=2024-12-10 18:25:35.633412, shell_line=
peername=('211.118.179.3', 56696), time=2024-12-10 18:25:35.633515, shell_line=
peername=('211.118.179.3', 56696), time=2024-12-10 18:25:35.633617, shell_line=
peername=('211.118.179.3', 56696), time=2024-12-10 18:25:35.633719, shell_line=
peername=('211.118.179.3', 56696), time=2024-12-10 18:25:35.633822, shell_line=
peername=('211.118.179.3', 56696), time=2024-12-10 18:25:35.633924, shell_line=
peername=('211.118.179.3', 56696), time=2024-12-10 18:25:35.634027, shell_line=
peername=('211.118.179.3', 56696), time=2024-12-10 18:25:35.634147, shell_line=
peername=('211.118.179.3', 56696), time=2024-12-10 18:25:35.634252, shell_line=
peername=('211.118.179.3', 56696), time=2024-12-10 18:25:35.634355, shell_line=
peername=('211.118.179.3', 56696), time=2024-12-10 18:25:35.634463, shell_line=
peername=('211.118.179.3', 56696), time=2024-12-10 18:25:35.634567, shell_line=
peername=('211.118.179.3', 56696), time=2024-12-10 18:25:35.634669, shell_line=
peername=('211.118.179.3', 56696), time=2024-12-10 18:25:35.634771, shell_line=
peername=('211.118.179.3', 56696), time=2024-12-10 18:25:35.634874, shell_line=
peername=('211.118.179.3', 56696), time=2024-12-10 18:25:35.634977, shell_line=
peername=('211.118.179.3', 56696), time=2024-12-10 18:25:35.635083, shell_line=
peername=('211.118.179.3', 56696), time=2024-12-10 18:25:35.635185, shell_line=
peername=('211.118.179.3', 56696), time=2024-12-10 18:25:35.635296, shell_line=
peername=('211.118.179.3', 56696), time=2024-12-10 18:25:35.635400, shell_line=
peername=('211.118.179.3', 56696), time=2024-12-10 18:25:35.635503, shell_line=
peername=('211.118.179.3', 56696), time=2024-12-10 18:25:35.635606, shell_line=
peername=('211.118.179.3', 56696), time=2024-12-10 18:25:35.635708, shell_line=
peername=('211.118.179.3', 56696), time=2024-12-10 18:25:35.635810, shell_line=
peername=('211.118.179.3', 56696), time=2024-12-10 18:25:35.635994, shell_line=
peername=('211.118.179.3', 56696), time=2024-12-10 18:25:35.636111, shell_line=
peername=('211.118.179.3', 56696), time=2024-12-10 18:25:35.636215, shell_line=
peername=('211.118.179.3', 56696), time=2024-12-10 18:25:35.636318, shell_line=
peername=('211.118.179.3', 56696), time=2024-12-10 18:25:35.636420, shell_line=
peername=('211.118.179.3', 56696), time=2024-12-10 18:25:35.636523, shell_line=
peername=('211.118.179.3', 56696), time=2024-12-10 18:25:35.636625, shell_line=
peername=('211.118.179.3', 56696), time=2024-12-10 18:25:35.636727, shell_line=
peername=('211.118.179.3', 56696), time=2024-12-10 18:25:35.636829, shell_line=
peername=('211.118.179.3', 56696), time=2024-12-10 18:25:35.636932, shell_line=
peername=('211.118.179.3', 56696), time=2024-12-10 18:25:35.637034, shell_line=
peername=('211.118.179.3', 56696), time=2024-12-10 18:25:35.637136, shell_line=
peername=('211.118.179.3', 56696), time=2024-12-10 18:25:35.637239, shell_line=
peername=('211.118.179.3', 56696), time=2024-12-10 18:25:35.637341, shell_line=
peername=('211.118.179.3', 56696), time=2024-12-10 18:25:35.637443, shell_line=
peername=('211.118.179.3', 56696), time=2024-12-10 18:25:35.637545, shell_line=
peername=('211.118.179.3', 56696), time=2024-12-10 18:25:35.637648, shell_line=
peername=('211.118.179.3', 56696), time=2024-12-10 18:25:35.637921, shell_line=
peername=('211.118.179.3', 56696), time=2024-12-10 18:25:35.638023, shell_line=
peername=('211.118.179.3', 56696), time=2024-12-10 18:25:35.638138, shell_line=
peername=('211.118.179.3', 56696), time=2024-12-10 18:25:35.638245, shell_line=
peername=('211.118.179.3', 56696), time=2024-12-10 18:25:35.638348, shell_line=
peername=('211.118.179.3', 56696), time=2024-12-10 18:25:35.638455, shell_line=
peername=('211.118.179.3', 56696), time=2024-12-10 18:25:35.638557, shell_line=
peername=('211.118.179.3', 56696), time=2024-12-10 18:25:35.638659, shell_line=
peername=('211.118.179.3', 56696), time=2024-12-10 18:25:35.638761, shell_line=
peername=('211.118.179.3', 56696), time=2024-12-10 18:25:35.638863, shell_line=
peername=('211.118.179.3', 56696), time=2024-12-10 18:25:35.638971, shell_line=
peername=('211.118.179.3', 56696), time=2024-12-10 18:25:35.639073, shell_line=
peername=('211.118.179.3', 56696), time=2024-12-10 18:25:35.639175, shell_line=
peername=('211.118.179.3', 56696), time=2024-12-10 18:25:35.639277, shell_line=
peername=('211.118.179.3', 56696), time=2024-12-10 18:25:35.639380, shell_line=
peername=('211.118.179.3', 56696), time=2024-12-10 18:25:35.639482, shell_line=
peername=('211.118.179.3', 56696), time=2024-12-10 18:25:35.639584, shell_line=
peername=('211.118.179.3', 56696), time=2024-12-10 18:25:35.639687, shell_line=
peername=('211.118.179.3', 56696), time=2024-12-10 18:25:35.639789, shell_line=
peername=('211.118.179.3', 56696), time=2024-12-10 18:25:35.639891, shell_line=
peername=('211.118.179.3', 56696), time=2024-12-10 18:25:35.639993, shell_line=
peername=('211.118.179.3', 56696), time=2024-12-10 18:25:35.640096, shell_line=
peername=('211.118.179.3', 56696), time=2024-12-10 18:25:35.640198, shell_line=
peername=('211.118.179.3', 56696), time=2024-12-10 18:25:35.640301, shell_line=
peername=('211.118.179.3', 56696), time=2024-12-10 18:25:35.640404, shell_line=
peername=('211.118.179.3', 56696), time=2024-12-10 18:25:35.640506, shell_line=
peername=('211.118.179.3', 56696), time=2024-12-10 18:25:35.640608, shell_line=
peername=('211.118.179.3', 56696), time=2024-12-10 18:25:35.640711, shell_line=
peername=('211.118.179.3', 56696), time=2024-12-10 18:25:35.640813, shell_line=
peername=('211.118.179.3', 56696), time=2024-12-10 18:25:35.640916, shell_line=
peername=('211.118.179.3', 56696), time=2024-12-10 18:25:35.641018, shell_line=
peername=('211.118.179.3', 56696), time=2024-12-10 18:25:35.641121, shell_line=
peername=('211.118.179.3', 56696), time=2024-12-10 18:25:35.641224, shell_line=
peername=('211.118.179.3', 56696), time=2024-12-10 18:25:35.641327, shell_line=
peername=('211.118.179.3', 56696), time=2024-12-10 18:25:35.641429, shell_line=
peername=('211.118.179.3', 56696), time=2024-12-10 18:25:35.641532, shell_line=
peername=('211.118.179.3', 56696), time=2024-12-10 18:25:35.641635, shell_line=
peername=('211.118.179.3', 56696), time=2024-12-10 18:25:35.641737, shell_line=
peername=('211.118.179.3', 56696), time=2024-12-10 18:25:35.641917, shell_line=
peername=('211.118.179.3', 56696), time=2024-12-10 18:25:35.642038, shell_line=
peername=('211.118.179.3', 56696), time=2024-12-10 18:25:35.642151, shell_line=
peername=('211.118.179.3', 56696), time=2024-12-10 18:25:35.642254, shell_line=
peername=('211.118.179.3', 56696), time=2024-12-10 18:25:35.642357, shell_line=
peername=('211.118.179.3', 56696), time=2024-12-10 18:25:35.642460, shell_line=
peername=('211.118.179.3', 56696), time=2024-12-10 18:25:35.642562, shell_line=
peername=('211.118.179.3', 56696), time=2024-12-10 18:25:35.642665, shell_line=
peername=('211.118.179.3', 56696), time=2024-12-10 18:25:35.642768, shell_line=
peername=('211.118.179.3', 56696), time=2024-12-10 18:25:35.642870, shell_line=
peername=('211.118.179.3', 56696), time=2024-12-10 18:25:35.643016, shell_line=
peername=('211.118.179.3', 56696), time=2024-12-10 18:25:35.643119, shell_line=
peername=('211.118.179.3', 56696), time=2024-12-10 18:25:35.643221, shell_line=
peername=('211.118.179.3', 56696), time=2024-12-10 18:25:35.643324, shell_line=
peername=('211.118.179.3', 56696), time=2024-12-10 18:25:35.643426, shell_line=
peername=('211.118.179.3', 56696), time=2024-12-10 18:25:35.643529, shell_line=
peername=('211.118.179.3', 56696), time=2024-12-10 18:25:35.643631, shell_line=
peername=('211.118.179.3', 56696), time=2024-12-10 18:25:35.643734, shell_line=
peername=('211.118.179.3', 56696), time=2024-12-10 18:25:35.643836, shell_line=
peername=('211.118.179.3', 56696), time=2024-12-10 18:25:35.643939, shell_line=
peername=('211.118.179.3', 56696), time=2024-12-10 18:25:35.644041, shell_line=
