start
SERVER STARTS - 2024-11-29 12:04:49.535546 
SERVER STARTS - 2024-11-29 12:11:51.894810 
SERVER STARTS - 2024-11-29 12:22:33.606436 
Authenticated!
peername=('14.63.203.209', 52716), time=2024-11-29 12:43:20.211717, shell_line=e
peername=('14.63.203.209', 52716), time=2024-11-29 12:43:20.212112, shell_line=ec
peername=('14.63.203.209', 52716), time=2024-11-29 12:43:20.212479, shell_line=ech
peername=('14.63.203.209', 52716), time=2024-11-29 12:43:20.212820, shell_line=echo
peername=('14.63.203.209', 52716), time=2024-11-29 12:43:20.213138, shell_line=echo 
peername=('14.63.203.209', 52716), time=2024-11-29 12:43:20.213448, shell_line=echo 1
peername=('14.63.203.209', 52716), time=2024-11-29 12:43:20.213755, shell_line=echo 1 
peername=('14.63.203.209', 52716), time=2024-11-29 12:43:20.214245, shell_line=echo 1 &
peername=('14.63.203.209', 52716), time=2024-11-29 12:43:20.214544, shell_line=echo 1 &&
peername=('14.63.203.209', 52716), time=2024-11-29 12:43:20.214829, shell_line=echo 1 && 
peername=('14.63.203.209', 52716), time=2024-11-29 12:43:20.215107, shell_line=echo 1 && c
peername=('14.63.203.209', 52716), time=2024-11-29 12:43:20.215377, shell_line=echo 1 && ca
peername=('14.63.203.209', 52716), time=2024-11-29 12:43:20.215639, shell_line=echo 1 && cat
peername=('14.63.203.209', 52716), time=2024-11-29 12:43:20.216061, shell_line=echo 1 && cat 
peername=('14.63.203.209', 52716), time=2024-11-29 12:43:20.216309, shell_line=echo 1 && cat /
peername=('14.63.203.209', 52716), time=2024-11-29 12:43:20.216561, shell_line=echo 1 && cat /b
peername=('14.63.203.209', 52716), time=2024-11-29 12:43:20.216806, shell_line=echo 1 && cat /bi
peername=('14.63.203.209', 52716), time=2024-11-29 12:43:20.217192, shell_line=echo 1 && cat /bin
peername=('14.63.203.209', 52716), time=2024-11-29 12:43:20.217438, shell_line=echo 1 && cat /bin/
peername=('14.63.203.209', 52716), time=2024-11-29 12:43:20.217685, shell_line=echo 1 && cat /bin/e
peername=('14.63.203.209', 52716), time=2024-11-29 12:43:20.218050, shell_line=echo 1 && cat /bin/ec
peername=('14.63.203.209', 52716), time=2024-11-29 12:43:20.218304, shell_line=echo 1 && cat /bin/ech
peername=('14.63.203.209', 52716), time=2024-11-29 12:43:20.218547, shell_line=echo 1 && cat /bin/echo
peername=('14.63.203.209', 52716), time=2024-11-29 12:43:20.218783, shell_line=echo 1 && cat /bin/echo

SERVER STARTS - 2024-11-29 13:04:48.832314 
SERVER STARTS - 2024-11-29 13:17:28.501146 
SERVER STARTS - 2024-11-29 13:21:07.445196 
SERVER STARTS - 2024-11-29 13:32:29.575354 
SERVER STARTS - 2024-11-29 13:37:50.669665 
SERVER STARTS - 2024-11-29 14:41:58.432840 
SERVER STARTS - 2024-11-29 15:58:27.448874 
SERVER STARTS - 2024-11-29 15:59:54.342356 
Authenticated!
SERVER STARTS - 2024-11-29 16:16:30.151042 
SERVER STARTS - 2024-11-29 16:52:55.358120 
SERVER STARTS - 2024-11-29 17:09:28.032525 
SERVER STARTS - 2024-11-29 17:24:17.190556 
SERVER STARTS - 2024-11-29 17:51:32.112343 
SERVER STARTS - 2024-11-29 18:06:50.530489 
SERVER STARTS - 2024-11-29 18:11:29.688730 
SERVER STARTS - 2024-11-29 18:14:46.239355 
SERVER STARTS - 2024-11-29 18:16:17.169930 
SERVER STARTS - 2024-11-29 18:18:21.648862 
SERVER STARTS - 2024-11-29 18:26:31.096196 
SERVER STARTS - 2024-11-29 18:30:33.251563 
Authenticated!
SERVER STARTS - 2024-11-29 21:07:42.187791 
SERVER STARTS - 2024-11-29 21:31:12.040659 
SERVER STARTS - 2024-11-29 21:39:11.907379 
SERVER STARTS - 2024-11-29 22:24:18.890712 
SERVER STARTS - 2024-11-29 22:25:50.000482 
Authenticated!
SERVER STARTS - 2024-11-29 22:33:57.076872 
SERVER STARTS - 2024-11-29 22:36:17.063913 
SERVER STARTS - 2024-11-29 23:14:38.676078 
Authenticated!
Authenticated!
Authenticated!
Authenticated!
Authenticated!
SERVER STARTS - 2024-11-30 00:05:22.042615 
SERVER STARTS - 2024-11-30 00:09:55.344546 
SERVER STARTS - 2024-11-30 00:12:18.903281 
SERVER STARTS - 2024-11-30 01:32:15.246942 
SERVER STARTS - 2024-11-30 01:37:59.068701 
SERVER STARTS - 2024-11-30 01:44:33.220104 
SERVER STARTS - 2024-11-30 02:00:20.372346 
SERVER STARTS - 2024-11-30 02:48:26.155353 
SERVER STARTS - 2024-11-30 03:20:48.995343 
SERVER STARTS - 2024-11-30 03:27:10.918914 
SERVER STARTS - 2024-11-30 03:56:28.495425 
SERVER STARTS - 2024-11-30 04:03:27.825386 
SERVER STARTS - 2024-11-30 04:19:08.917668 
SERVER STARTS - 2024-11-30 04:41:17.674947 
SERVER STARTS - 2024-11-30 05:21:25.296188 
SERVER STARTS - 2024-11-30 05:35:05.683122 
SERVER STARTS - 2024-11-30 05:44:43.796319 
SERVER STARTS - 2024-11-30 05:54:31.187206 
Authenticated!
Authenticated!
Authenticated!
Authenticated!
Authenticated!
Authenticated!
SERVER STARTS - 2024-11-30 05:56:52.559369 
SERVER STARTS - 2024-11-30 06:10:12.911505 
Authenticated!
peername=('59.103.120.51', 42070), time=2024-11-30 06:18:35.117425, shell_line=
peername=('59.103.120.51', 42070), time=2024-11-30 06:18:35.117830, shell_line=
peername=('59.103.120.51', 42070), time=2024-11-30 06:18:35.118198, shell_line=
peername=('59.103.120.51', 42070), time=2024-11-30 06:18:35.118499, shell_line=
peername=('59.103.120.51', 42070), time=2024-11-30 06:18:35.118771, shell_line=
peername=('59.103.120.51', 42070), time=2024-11-30 06:18:35.119036, shell_line=
peername=('59.103.120.51', 42070), time=2024-11-30 06:18:35.119300, shell_line=
peername=('59.103.120.51', 42070), time=2024-11-30 06:18:35.119559, shell_line=
peername=('59.103.120.51', 42070), time=2024-11-30 06:18:35.119813, shell_line=
peername=('59.103.120.51', 42070), time=2024-11-30 06:18:35.120065, shell_line=
peername=('59.103.120.51', 42070), time=2024-11-30 06:18:35.120318, shell_line=
peername=('59.103.120.51', 42070), time=2024-11-30 06:18:35.120565, shell_line=
peername=('59.103.120.51', 42070), time=2024-11-30 06:18:35.120814, shell_line=
peername=('59.103.120.51', 42070), time=2024-11-30 06:18:35.121061, shell_line=
peername=('59.103.120.51', 42070), time=2024-11-30 06:18:35.121313, shell_line=
peername=('59.103.120.51', 42070), time=2024-11-30 06:18:35.121548, shell_line=
peername=('59.103.120.51', 42070), time=2024-11-30 06:18:35.121780, shell_line=
peername=('59.103.120.51', 42070), time=2024-11-30 06:18:35.122010, shell_line=
peername=('59.103.120.51', 42070), time=2024-11-30 06:18:35.122259, shell_line=
peername=('59.103.120.51', 42070), time=2024-11-30 06:18:35.122476, shell_line=
peername=('59.103.120.51', 42070), time=2024-11-30 06:18:35.122683, shell_line=
peername=('59.103.120.51', 42070), time=2024-11-30 06:18:35.122883, shell_line=
peername=('59.103.120.51', 42070), time=2024-11-30 06:18:35.123093, shell_line=
peername=('59.103.120.51', 42070), time=2024-11-30 06:18:35.123281, shell_line=
peername=('59.103.120.51', 42070), time=2024-11-30 06:18:35.123462, shell_line=
peername=('59.103.120.51', 42070), time=2024-11-30 06:18:35.123634, shell_line=
peername=('59.103.120.51', 42070), time=2024-11-30 06:18:35.123801, shell_line=
peername=('59.103.120.51', 42070), time=2024-11-30 06:18:35.123965, shell_line=
peername=('59.103.120.51', 42070), time=2024-11-30 06:18:35.124128, shell_line=
peername=('59.103.120.51', 42070), time=2024-11-30 06:18:35.124289, shell_line=
peername=('59.103.120.51', 42070), time=2024-11-30 06:18:35.124447, shell_line=
peername=('59.103.120.51', 42070), time=2024-11-30 06:18:35.124604, shell_line=
peername=('59.103.120.51', 42070), time=2024-11-30 06:18:35.124759, shell_line=
peername=('59.103.120.51', 42070), time=2024-11-30 06:18:35.124912, shell_line=
peername=('59.103.120.51', 42070), time=2024-11-30 06:18:35.125063, shell_line=
peername=('59.103.120.51', 42070), time=2024-11-30 06:18:35.125211, shell_line=
peername=('59.103.120.51', 42070), time=2024-11-30 06:18:35.125356, shell_line=
peername=('59.103.120.51', 42070), time=2024-11-30 06:18:35.125496, shell_line=
peername=('59.103.120.51', 42070), time=2024-11-30 06:18:35.125631, shell_line=
peername=('59.103.120.51', 42070), time=2024-11-30 06:18:35.125762, shell_line=
peername=('59.103.120.51', 42070), time=2024-11-30 06:18:35.125891, shell_line=
peername=('59.103.120.51', 42070), time=2024-11-30 06:18:35.126033, shell_line=
peername=('59.103.120.51', 42070), time=2024-11-30 06:18:35.206192, shell_line=
peername=('59.103.120.51', 42070), time=2024-11-30 06:18:35.206329, shell_line=
peername=('59.103.120.51', 42070), time=2024-11-30 06:18:35.206452, shell_line=
peername=('59.103.120.51', 42070), time=2024-11-30 06:18:35.206570, shell_line=
peername=('59.103.120.51', 42070), time=2024-11-30 06:18:35.206684, shell_line=
peername=('59.103.120.51', 42070), time=2024-11-30 06:18:35.206796, shell_line=
peername=('59.103.120.51', 42070), time=2024-11-30 06:18:35.206903, shell_line=
peername=('59.103.120.51', 42070), time=2024-11-30 06:18:35.207016, shell_line=
peername=('59.103.120.51', 42070), time=2024-11-30 06:18:35.207124, shell_line=
peername=('59.103.120.51', 42070), time=2024-11-30 06:18:35.207221, shell_line=
peername=('59.103.120.51', 42070), time=2024-11-30 06:18:35.207317, shell_line=
peername=('59.103.120.51', 42070), time=2024-11-30 06:18:35.207413, shell_line=
peername=('59.103.120.51', 42070), time=2024-11-30 06:18:35.207508, shell_line=
peername=('59.103.120.51', 42070), time=2024-11-30 06:18:35.207604, shell_line=
peername=('59.103.120.51', 42070), time=2024-11-30 06:18:35.207699, shell_line=
peername=('59.103.120.51', 42070), time=2024-11-30 06:18:35.207848, shell_line=
peername=('59.103.120.51', 42070), time=2024-11-30 06:18:35.207946, shell_line=
peername=('59.103.120.51', 42070), time=2024-11-30 06:18:35.208044, shell_line=
peername=('59.103.120.51', 42070), time=2024-11-30 06:18:35.208143, shell_line=
peername=('59.103.120.51', 42070), time=2024-11-30 06:18:35.208242, shell_line=
peername=('59.103.120.51', 42070), time=2024-11-30 06:18:35.208341, shell_line=
peername=('59.103.120.51', 42070), time=2024-11-30 06:18:35.208439, shell_line=
peername=('59.103.120.51', 42070), time=2024-11-30 06:18:35.208537, shell_line=
peername=('59.103.120.51', 42070), time=2024-11-30 06:18:35.208747, shell_line=
peername=('59.103.120.51', 42070), time=2024-11-30 06:18:35.208845, shell_line=
peername=('59.103.120.51', 42070), time=2024-11-30 06:18:35.208943, shell_line=
peername=('59.103.120.51', 42070), time=2024-11-30 06:18:35.209041, shell_line=
peername=('59.103.120.51', 42070), time=2024-11-30 06:18:35.209145, shell_line=
peername=('59.103.120.51', 42070), time=2024-11-30 06:18:35.209245, shell_line=
peername=('59.103.120.51', 42070), time=2024-11-30 06:18:35.209344, shell_line=
peername=('59.103.120.51', 42070), time=2024-11-30 06:18:35.209443, shell_line=
peername=('59.103.120.51', 42070), time=2024-11-30 06:18:35.209541, shell_line=
peername=('59.103.120.51', 42070), time=2024-11-30 06:18:35.209646, shell_line=
peername=('59.103.120.51', 42070), time=2024-11-30 06:18:35.209744, shell_line=
peername=('59.103.120.51', 42070), time=2024-11-30 06:18:35.209843, shell_line=
peername=('59.103.120.51', 42070), time=2024-11-30 06:18:35.209942, shell_line=
peername=('59.103.120.51', 42070), time=2024-11-30 06:18:35.210041, shell_line=
peername=('59.103.120.51', 42070), time=2024-11-30 06:18:35.210154, shell_line=
peername=('59.103.120.51', 42070), time=2024-11-30 06:18:35.210255, shell_line=
peername=('59.103.120.51', 42070), time=2024-11-30 06:18:35.210355, shell_line=
peername=('59.103.120.51', 42070), time=2024-11-30 06:18:35.210454, shell_line=
peername=('59.103.120.51', 42070), time=2024-11-30 06:18:35.210553, shell_line=
peername=('59.103.120.51', 42070), time=2024-11-30 06:18:35.210652, shell_line=
peername=('59.103.120.51', 42070), time=2024-11-30 06:18:35.210752, shell_line=
peername=('59.103.120.51', 42070), time=2024-11-30 06:18:35.210851, shell_line=
peername=('59.103.120.51', 42070), time=2024-11-30 06:18:35.210950, shell_line=
peername=('59.103.120.51', 42070), time=2024-11-30 06:18:35.211052, shell_line=
peername=('59.103.120.51', 42070), time=2024-11-30 06:18:35.211151, shell_line=
peername=('59.103.120.51', 42070), time=2024-11-30 06:18:35.211251, shell_line=
peername=('59.103.120.51', 42070), time=2024-11-30 06:18:35.211351, shell_line=
peername=('59.103.120.51', 42070), time=2024-11-30 06:18:35.211449, shell_line=
peername=('59.103.120.51', 42070), time=2024-11-30 06:18:35.211548, shell_line=
peername=('59.103.120.51', 42070), time=2024-11-30 06:18:35.211647, shell_line=
peername=('59.103.120.51', 42070), time=2024-11-30 06:18:35.211745, shell_line=
peername=('59.103.120.51', 42070), time=2024-11-30 06:18:35.211844, shell_line=
peername=('59.103.120.51', 42070), time=2024-11-30 06:18:35.211950, shell_line=
peername=('59.103.120.51', 42070), time=2024-11-30 06:18:35.212049, shell_line=
peername=('59.103.120.51', 42070), time=2024-11-30 06:18:35.212149, shell_line=
peername=('59.103.120.51', 42070), time=2024-11-30 06:18:35.212250, shell_line=
peername=('59.103.120.51', 42070), time=2024-11-30 06:18:35.212349, shell_line=
peername=('59.103.120.51', 42070), time=2024-11-30 06:18:35.212471, shell_line=
peername=('59.103.120.51', 42070), time=2024-11-30 06:18:35.212574, shell_line=
peername=('59.103.120.51', 42070), time=2024-11-30 06:18:35.212674, shell_line=
peername=('59.103.120.51', 42070), time=2024-11-30 06:18:35.212774, shell_line=
peername=('59.103.120.51', 42070), time=2024-11-30 06:18:35.212875, shell_line=
peername=('59.103.120.51', 42070), time=2024-11-30 06:18:35.212989, shell_line=
peername=('59.103.120.51', 42070), time=2024-11-30 06:18:35.213089, shell_line=
peername=('59.103.120.51', 42070), time=2024-11-30 06:18:35.213188, shell_line=
peername=('59.103.120.51', 42070), time=2024-11-30 06:18:35.213287, shell_line=
peername=('59.103.120.51', 42070), time=2024-11-30 06:18:35.213386, shell_line=
peername=('59.103.120.51', 42070), time=2024-11-30 06:18:35.213484, shell_line=
peername=('59.103.120.51', 42070), time=2024-11-30 06:18:35.213585, shell_line=
peername=('59.103.120.51', 42070), time=2024-11-30 06:18:35.213684, shell_line=
peername=('59.103.120.51', 42070), time=2024-11-30 06:18:35.213825, shell_line=
peername=('59.103.120.51', 42070), time=2024-11-30 06:18:35.213923, shell_line=
peername=('59.103.120.51', 42070), time=2024-11-30 06:18:35.214022, shell_line=
peername=('59.103.120.51', 42070), time=2024-11-30 06:18:35.222134, shell_line=
peername=('59.103.120.51', 42070), time=2024-11-30 06:18:35.222239, shell_line=
peername=('59.103.120.51', 42070), time=2024-11-30 06:18:35.222343, shell_line=
peername=('59.103.120.51', 42070), time=2024-11-30 06:18:35.222445, shell_line=
peername=('59.103.120.51', 42070), time=2024-11-30 06:18:35.222546, shell_line=
peername=('59.103.120.51', 42070), time=2024-11-30 06:18:35.222647, shell_line=
peername=('59.103.120.51', 42070), time=2024-11-30 06:18:35.222748, shell_line=
peername=('59.103.120.51', 42070), time=2024-11-30 06:18:35.222851, shell_line=
peername=('59.103.120.51', 42070), time=2024-11-30 06:18:35.222968, shell_line=
peername=('59.103.120.51', 42070), time=2024-11-30 06:18:35.223072, shell_line=
peername=('59.103.120.51', 42070), time=2024-11-30 06:18:35.223174, shell_line=
peername=('59.103.120.51', 42070), time=2024-11-30 06:18:35.223275, shell_line=
peername=('59.103.120.51', 42070), time=2024-11-30 06:18:35.223376, shell_line=
peername=('59.103.120.51', 42070), time=2024-11-30 06:18:35.223477, shell_line=
peername=('59.103.120.51', 42070), time=2024-11-30 06:18:35.223578, shell_line=
peername=('59.103.120.51', 42070), time=2024-11-30 06:18:35.223679, shell_line=
peername=('59.103.120.51', 42070), time=2024-11-30 06:18:35.223780, shell_line=
peername=('59.103.120.51', 42070), time=2024-11-30 06:18:35.223881, shell_line=
peername=('59.103.120.51', 42070), time=2024-11-30 06:18:35.223982, shell_line=
peername=('59.103.120.51', 42070), time=2024-11-30 06:18:35.224084, shell_line=
peername=('59.103.120.51', 42070), time=2024-11-30 06:18:35.224185, shell_line=
peername=('59.103.120.51', 42070), time=2024-11-30 06:18:35.224286, shell_line=
peername=('59.103.120.51', 42070), time=2024-11-30 06:18:35.224392, shell_line=
peername=('59.103.120.51', 42070), time=2024-11-30 06:18:35.224494, shell_line=
peername=('59.103.120.51', 42070), time=2024-11-30 06:18:35.224595, shell_line=
peername=('59.103.120.51', 42070), time=2024-11-30 06:18:35.224697, shell_line=
peername=('59.103.120.51', 42070), time=2024-11-30 06:18:35.224799, shell_line=
peername=('59.103.120.51', 42070), time=2024-11-30 06:18:35.224900, shell_line=
peername=('59.103.120.51', 42070), time=2024-11-30 06:18:35.225002, shell_line=
peername=('59.103.120.51', 42070), time=2024-11-30 06:18:35.225104, shell_line=
peername=('59.103.120.51', 42070), time=2024-11-30 06:18:35.225206, shell_line=
peername=('59.103.120.51', 42070), time=2024-11-30 06:18:35.225308, shell_line=
peername=('59.103.120.51', 42070), time=2024-11-30 06:18:35.225409, shell_line=
peername=('59.103.120.51', 42070), time=2024-11-30 06:18:35.225511, shell_line=
peername=('59.103.120.51', 42070), time=2024-11-30 06:18:35.225613, shell_line=
peername=('59.103.120.51', 42070), time=2024-11-30 06:18:35.225715, shell_line=
peername=('59.103.120.51', 42070), time=2024-11-30 06:18:35.225817, shell_line=
peername=('59.103.120.51', 42070), time=2024-11-30 06:18:35.225919, shell_line=
peername=('59.103.120.51', 42070), time=2024-11-30 06:18:35.226022, shell_line=
peername=('59.103.120.51', 42070), time=2024-11-30 06:18:35.226139, shell_line=
peername=('59.103.120.51', 42070), time=2024-11-30 06:18:35.226246, shell_line=
peername=('59.103.120.51', 42070), time=2024-11-30 06:18:35.226349, shell_line=
peername=('59.103.120.51', 42070), time=2024-11-30 06:18:35.226452, shell_line=
peername=('59.103.120.51', 42070), time=2024-11-30 06:18:35.226554, shell_line=
peername=('59.103.120.51', 42070), time=2024-11-30 06:18:35.226657, shell_line=
peername=('59.103.120.51', 42070), time=2024-11-30 06:18:35.226760, shell_line=
peername=('59.103.120.51', 42070), time=2024-11-30 06:18:35.226862, shell_line=
peername=('59.103.120.51', 42070), time=2024-11-30 06:18:35.226965, shell_line=
peername=('59.103.120.51', 42070), time=2024-11-30 06:18:35.227067, shell_line=
peername=('59.103.120.51', 42070), time=2024-11-30 06:18:35.227170, shell_line=
peername=('59.103.120.51', 42070), time=2024-11-30 06:18:35.227272, shell_line=
peername=('59.103.120.51', 42070), time=2024-11-30 06:18:35.227374, shell_line=
peername=('59.103.120.51', 42070), time=2024-11-30 06:18:35.227477, shell_line=
peername=('59.103.120.51', 42070), time=2024-11-30 06:18:35.227579, shell_line=
peername=('59.103.120.51', 42070), time=2024-11-30 06:18:35.227682, shell_line=
peername=('59.103.120.51', 42070), time=2024-11-30 06:18:35.227784, shell_line=
peername=('59.103.120.51', 42070), time=2024-11-30 06:18:35.227886, shell_line=
peername=('59.103.120.51', 42070), time=2024-11-30 06:18:35.227989, shell_line=
peername=('59.103.120.51', 42070), time=2024-11-30 06:18:35.228091, shell_line=
peername=('59.103.120.51', 42070), time=2024-11-30 06:18:35.228194, shell_line=
peername=('59.103.120.51', 42070), time=2024-11-30 06:18:35.228296, shell_line=
peername=('59.103.120.51', 42070), time=2024-11-30 06:18:35.228398, shell_line=
peername=('59.103.120.51', 42070), time=2024-11-30 06:18:35.228501, shell_line=
peername=('59.103.120.51', 42070), time=2024-11-30 06:18:35.228603, shell_line=
peername=('59.103.120.51', 42070), time=2024-11-30 06:18:35.228705, shell_line=
peername=('59.103.120.51', 42070), time=2024-11-30 06:18:35.228807, shell_line=
peername=('59.103.120.51', 42070), time=2024-11-30 06:18:35.228909, shell_line=
peername=('59.103.120.51', 42070), time=2024-11-30 06:18:35.229012, shell_line=
peername=('59.103.120.51', 42070), time=2024-11-30 06:18:35.229114, shell_line=
peername=('59.103.120.51', 42070), time=2024-11-30 06:18:35.229217, shell_line=
peername=('59.103.120.51', 42070), time=2024-11-30 06:18:35.229319, shell_line=
peername=('59.103.120.51', 42070), time=2024-11-30 06:18:35.229421, shell_line=
peername=('59.103.120.51', 42070), time=2024-11-30 06:18:35.229524, shell_line=
peername=('59.103.120.51', 42070), time=2024-11-30 06:18:35.229628, shell_line=
peername=('59.103.120.51', 42070), time=2024-11-30 06:18:35.229742, shell_line=
peername=('59.103.120.51', 42070), time=2024-11-30 06:18:35.229844, shell_line=
peername=('59.103.120.51', 42070), time=2024-11-30 06:18:35.229949, shell_line=
peername=('59.103.120.51', 42070), time=2024-11-30 06:18:35.230052, shell_line=
peername=('59.103.120.51', 42070), time=2024-11-30 06:18:35.238169, shell_line=
peername=('59.103.120.51', 42070), time=2024-11-30 06:18:35.238275, shell_line=
peername=('59.103.120.51', 42070), time=2024-11-30 06:18:35.238379, shell_line=
peername=('59.103.120.51', 42070), time=2024-11-30 06:18:35.238482, shell_line=
peername=('59.103.120.51', 42070), time=2024-11-30 06:18:35.238584, shell_line=
peername=('59.103.120.51', 42070), time=2024-11-30 06:18:35.238687, shell_line=
peername=('59.103.120.51', 42070), time=2024-11-30 06:18:35.238789, shell_line=
peername=('59.103.120.51', 42070), time=2024-11-30 06:18:35.238892, shell_line=
peername=('59.103.120.51', 42070), time=2024-11-30 06:18:35.239010, shell_line=
peername=('59.103.120.51', 42070), time=2024-11-30 06:18:35.239114, shell_line=
peername=('59.103.120.51', 42070), time=2024-11-30 06:18:35.239218, shell_line=
peername=('59.103.120.51', 42070), time=2024-11-30 06:18:35.239321, shell_line=
peername=('59.103.120.51', 42070), time=2024-11-30 06:18:35.239423, shell_line=
peername=('59.103.120.51', 42070), time=2024-11-30 06:18:35.239528, shell_line=
peername=('59.103.120.51', 42070), time=2024-11-30 06:18:35.239630, shell_line=
peername=('59.103.120.51', 42070), time=2024-11-30 06:18:35.239733, shell_line=
peername=('59.103.120.51', 42070), time=2024-11-30 06:18:35.239835, shell_line=
peername=('59.103.120.51', 42070), time=2024-11-30 06:18:35.239938, shell_line=
peername=('59.103.120.51', 42070), time=2024-11-30 06:18:35.240040, shell_line=
peername=('59.103.120.51', 42070), time=2024-11-30 06:18:35.240143, shell_line=
peername=('59.103.120.51', 42070), time=2024-11-30 06:18:35.240245, shell_line=
peername=('59.103.120.51', 42070), time=2024-11-30 06:18:35.240347, shell_line=
peername=('59.103.120.51', 42070), time=2024-11-30 06:18:35.240450, shell_line=
peername=('59.103.120.51', 42070), time=2024-11-30 06:18:35.240553, shell_line=
peername=('59.103.120.51', 42070), time=2024-11-30 06:18:35.240655, shell_line=
peername=('59.103.120.51', 42070), time=2024-11-30 06:18:35.240757, shell_line=
peername=('59.103.120.51', 42070), time=2024-11-30 06:18:35.240860, shell_line=
peername=('59.103.120.51', 42070), time=2024-11-30 06:18:35.240962, shell_line=
peername=('59.103.120.51', 42070), time=2024-11-30 06:18:35.241065, shell_line=
peername=('59.103.120.51', 42070), time=2024-11-30 06:18:35.241167, shell_line=
peername=('59.103.120.51', 42070), time=2024-11-30 06:18:35.241269, shell_line=
peername=('59.103.120.51', 42070), time=2024-11-30 06:18:35.241372, shell_line=
peername=('59.103.120.51', 42070), time=2024-11-30 06:18:35.241474, shell_line=
peername=('59.103.120.51', 42070), time=2024-11-30 06:18:35.241577, shell_line=
peername=('59.103.120.51', 42070), time=2024-11-30 06:18:35.241679, shell_line=
peername=('59.103.120.51', 42070), time=2024-11-30 06:18:35.241782, shell_line=
peername=('59.103.120.51', 42070), time=2024-11-30 06:18:35.241884, shell_line=
peername=('59.103.120.51', 42070), time=2024-11-30 06:18:35.241987, shell_line=
peername=('59.103.120.51', 42070), time=2024-11-30 06:18:35.242101, shell_line=
peername=('59.103.120.51', 42070), time=2024-11-30 06:18:35.242205, shell_line=
peername=('59.103.120.51', 42070), time=2024-11-30 06:18:35.242309, shell_line=
peername=('59.103.120.51', 42070), time=2024-11-30 06:18:35.242411, shell_line=
peername=('59.103.120.51', 42070), time=2024-11-30 06:18:35.242519, shell_line=
peername=('59.103.120.51', 42070), time=2024-11-30 06:18:35.242621, shell_line=
peername=('59.103.120.51', 42070), time=2024-11-30 06:18:35.242724, shell_line=
peername=('59.103.120.51', 42070), time=2024-11-30 06:18:35.242826, shell_line=
peername=('59.103.120.51', 42070), time=2024-11-30 06:18:35.242940, shell_line=
peername=('59.103.120.51', 42070), time=2024-11-30 06:18:35.243050, shell_line=
peername=('59.103.120.51', 42070), time=2024-11-30 06:18:35.243153, shell_line=
peername=('59.103.120.51', 42070), time=2024-11-30 06:18:35.243255, shell_line=
peername=('59.103.120.51', 42070), time=2024-11-30 06:18:35.243357, shell_line=
peername=('59.103.120.51', 42070), time=2024-11-30 06:18:35.243460, shell_line=
peername=('59.103.120.51', 42070), time=2024-11-30 06:18:35.243562, shell_line=
peername=('59.103.120.51', 42070), time=2024-11-30 06:18:35.243665, shell_line=
peername=('59.103.120.51', 42070), time=2024-11-30 06:18:35.243767, shell_line=
peername=('59.103.120.51', 42070), time=2024-11-30 06:18:35.243869, shell_line=
peername=('59.103.120.51', 42070), time=2024-11-30 06:18:35.243971, shell_line=
peername=('59.103.120.51', 42070), time=2024-11-30 06:18:35.244074, shell_line=
peername=('59.103.120.51', 42070), time=2024-11-30 06:18:35.244176, shell_line=
peername=('59.103.120.51', 42070), time=2024-11-30 06:18:35.244278, shell_line=
peername=('59.103.120.51', 42070), time=2024-11-30 06:18:35.244381, shell_line=
peername=('59.103.120.51', 42070), time=2024-11-30 06:18:35.244483, shell_line=
peername=('59.103.120.51', 42070), time=2024-11-30 06:18:35.244585, shell_line=
peername=('59.103.120.51', 42070), time=2024-11-30 06:18:35.244687, shell_line=
peername=('59.103.120.51', 42070), time=2024-11-30 06:18:35.244790, shell_line=
peername=('59.103.120.51', 42070), time=2024-11-30 06:18:35.244892, shell_line=
peername=('59.103.120.51', 42070), time=2024-11-30 06:18:35.244994, shell_line=
peername=('59.103.120.51', 42070), time=2024-11-30 06:18:35.245096, shell_line=
peername=('59.103.120.51', 42070), time=2024-11-30 06:18:35.245198, shell_line=
peername=('59.103.120.51', 42070), time=2024-11-30 06:18:35.245301, shell_line=
peername=('59.103.120.51', 42070), time=2024-11-30 06:18:35.245403, shell_line=
peername=('59.103.120.51', 42070), time=2024-11-30 06:18:35.245505, shell_line=
peername=('59.103.120.51', 42070), time=2024-11-30 06:18:35.245607, shell_line=
peername=('59.103.120.51', 42070), time=2024-11-30 06:18:35.245710, shell_line=
peername=('59.103.120.51', 42070), time=2024-11-30 06:18:35.245812, shell_line=
peername=('59.103.120.51', 42070), time=2024-11-30 06:18:35.245914, shell_line=
peername=('59.103.120.51', 42070), time=2024-11-30 06:18:35.246018, shell_line=
peername=('59.103.120.51', 42070), time=2024-11-30 06:18:35.254138, shell_line=
peername=('59.103.120.51', 42070), time=2024-11-30 06:18:35.254243, shell_line=
peername=('59.103.120.51', 42070), time=2024-11-30 06:18:35.254346, shell_line=
peername=('59.103.120.51', 42070), time=2024-11-30 06:18:35.254449, shell_line=
peername=('59.103.120.51', 42070), time=2024-11-30 06:18:35.254551, shell_line=
peername=('59.103.120.51', 42070), time=2024-11-30 06:18:35.254654, shell_line=
peername=('59.103.120.51', 42070), time=2024-11-30 06:18:35.254756, shell_line=
peername=('59.103.120.51', 42070), time=2024-11-30 06:18:35.254859, shell_line=
peername=('59.103.120.51', 42070), time=2024-11-30 06:18:35.254961, shell_line=
peername=('59.103.120.51', 42070), time=2024-11-30 06:18:35.255063, shell_line=
peername=('59.103.120.51', 42070), time=2024-11-30 06:18:35.255166, shell_line=
peername=('59.103.120.51', 42070), time=2024-11-30 06:18:35.255269, shell_line=
peername=('59.103.120.51', 42070), time=2024-11-30 06:18:35.255371, shell_line=
peername=('59.103.120.51', 42070), time=2024-11-30 06:18:35.255473, shell_line=
peername=('59.103.120.51', 42070), time=2024-11-30 06:18:35.255576, shell_line=
peername=('59.103.120.51', 42070), time=2024-11-30 06:18:35.255678, shell_line=
peername=('59.103.120.51', 42070), time=2024-11-30 06:18:35.255781, shell_line=
peername=('59.103.120.51', 42070), time=2024-11-30 06:18:35.255883, shell_line=
peername=('59.103.120.51', 42070), time=2024-11-30 06:18:35.255986, shell_line=
peername=('59.103.120.51', 42070), time=2024-11-30 06:18:35.256089, shell_line=
peername=('59.103.120.51', 42070), time=2024-11-30 06:18:35.256191, shell_line=
peername=('59.103.120.51', 42070), time=2024-11-30 06:18:35.256294, shell_line=
peername=('59.103.120.51', 42070), time=2024-11-30 06:18:35.256397, shell_line=
peername=('59.103.120.51', 42070), time=2024-11-30 06:18:35.256499, shell_line=
peername=('59.103.120.51', 42070), time=2024-11-30 06:18:35.256602, shell_line=
peername=('59.103.120.51', 42070), time=2024-11-30 06:18:35.256705, shell_line=
peername=('59.103.120.51', 42070), time=2024-11-30 06:18:35.256808, shell_line=
peername=('59.103.120.51', 42070), time=2024-11-30 06:18:35.256911, shell_line=
peername=('59.103.120.51', 42070), time=2024-11-30 06:18:35.257013, shell_line=
peername=('59.103.120.51', 42070), time=2024-11-30 06:18:35.257118, shell_line=
peername=('59.103.120.51', 42070), time=2024-11-30 06:18:35.257221, shell_line=
peername=('59.103.120.51', 42070), time=2024-11-30 06:18:35.257323, shell_line=
peername=('59.103.120.51', 42070), time=2024-11-30 06:18:35.257426, shell_line=
peername=('59.103.120.51', 42070), time=2024-11-30 06:18:35.257549, shell_line=
peername=('59.103.120.51', 42070), time=2024-11-30 06:18:35.257653, shell_line=
peername=('59.103.120.51', 42070), time=2024-11-30 06:18:35.257756, shell_line=
peername=('59.103.120.51', 42070), time=2024-11-30 06:18:35.257859, shell_line=
peername=('59.103.120.51', 42070), time=2024-11-30 06:18:35.257961, shell_line=
peername=('59.103.120.51', 42070), time=2024-11-30 06:18:35.258064, shell_line=
peername=('59.103.120.51', 42070), time=2024-11-30 06:18:35.258180, shell_line=
peername=('59.103.120.51', 42070), time=2024-11-30 06:18:35.258284, shell_line=
peername=('59.103.120.51', 42070), time=2024-11-30 06:18:35.258387, shell_line=
peername=('59.103.120.51', 42070), time=2024-11-30 06:18:35.258490, shell_line=
peername=('59.103.120.51', 42070), time=2024-11-30 06:18:35.258592, shell_line=
peername=('59.103.120.51', 42070), time=2024-11-30 06:18:35.258694, shell_line=
peername=('59.103.120.51', 42070), time=2024-11-30 06:18:35.258797, shell_line=
peername=('59.103.120.51', 42070), time=2024-11-30 06:18:35.258907, shell_line=
peername=('59.103.120.51', 42070), time=2024-11-30 06:18:35.259009, shell_line=
peername=('59.103.120.51', 42070), time=2024-11-30 06:18:35.259111, shell_line=
peername=('59.103.120.51', 42070), time=2024-11-30 06:18:35.259214, shell_line=
peername=('59.103.120.51', 42070), time=2024-11-30 06:18:35.259316, shell_line=
peername=('59.103.120.51', 42070), time=2024-11-30 06:18:35.259418, shell_line=
peername=('59.103.120.51', 42070), time=2024-11-30 06:18:35.259520, shell_line=
peername=('59.103.120.51', 42070), time=2024-11-30 06:18:35.259623, shell_line=
peername=('59.103.120.51', 42070), time=2024-11-30 06:18:35.259725, shell_line=
peername=('59.103.120.51', 42070), time=2024-11-30 06:18:35.259827, shell_line=
peername=('59.103.120.51', 42070), time=2024-11-30 06:18:35.259929, shell_line=
peername=('59.103.120.51', 42070), time=2024-11-30 06:18:35.260032, shell_line=
peername=('59.103.120.51', 42070), time=2024-11-30 06:18:35.260134, shell_line=
peername=('59.103.120.51', 42070), time=2024-11-30 06:18:35.260236, shell_line=
peername=('59.103.120.51', 42070), time=2024-11-30 06:18:35.260340, shell_line=
peername=('59.103.120.51', 42070), time=2024-11-30 06:18:35.260443, shell_line=
peername=('59.103.120.51', 42070), time=2024-11-30 06:18:35.260546, shell_line=
peername=('59.103.120.51', 42070), time=2024-11-30 06:18:35.260648, shell_line=
peername=('59.103.120.51', 42070), time=2024-11-30 06:18:35.260750, shell_line=
peername=('59.103.120.51', 42070), time=2024-11-30 06:18:35.260852, shell_line=
peername=('59.103.120.51', 42070), time=2024-11-30 06:18:35.260955, shell_line=
peername=('59.103.120.51', 42070), time=2024-11-30 06:18:35.261057, shell_line=
peername=('59.103.120.51', 42070), time=2024-11-30 06:18:35.261159, shell_line=
peername=('59.103.120.51', 42070), time=2024-11-30 06:18:35.261261, shell_line=
peername=('59.103.120.51', 42070), time=2024-11-30 06:18:35.261364, shell_line=
peername=('59.103.120.51', 42070), time=2024-11-30 06:18:35.261466, shell_line=
peername=('59.103.120.51', 42070), time=2024-11-30 06:18:35.261568, shell_line=
peername=('59.103.120.51', 42070), time=2024-11-30 06:18:35.261671, shell_line=
peername=('59.103.120.51', 42070), time=2024-11-30 06:18:35.261773, shell_line=
peername=('59.103.120.51', 42070), time=2024-11-30 06:18:35.261875, shell_line=
peername=('59.103.120.51', 42070), time=2024-11-30 06:18:35.261977, shell_line=
peername=('59.103.120.51', 42070), time=2024-11-30 06:18:35.270093, shell_line=
peername=('59.103.120.51', 42070), time=2024-11-30 06:18:35.270198, shell_line=
peername=('59.103.120.51', 42070), time=2024-11-30 06:18:35.270305, shell_line=
peername=('59.103.120.51', 42070), time=2024-11-30 06:18:35.270407, shell_line=
peername=('59.103.120.51', 42070), time=2024-11-30 06:18:35.270510, shell_line=
peername=('59.103.120.51', 42070), time=2024-11-30 06:18:35.270612, shell_line=
peername=('59.103.120.51', 42070), time=2024-11-30 06:18:35.270715, shell_line=
peername=('59.103.120.51', 42070), time=2024-11-30 06:18:35.270817, shell_line=
peername=('59.103.120.51', 42070), time=2024-11-30 06:18:35.270920, shell_line=
peername=('59.103.120.51', 42070), time=2024-11-30 06:18:35.271022, shell_line=
peername=('59.103.120.51', 42070), time=2024-11-30 06:18:35.271125, shell_line=
peername=('59.103.120.51', 42070), time=2024-11-30 06:18:35.271227, shell_line=
peername=('59.103.120.51', 42070), time=2024-11-30 06:18:35.271330, shell_line=
peername=('59.103.120.51', 42070), time=2024-11-30 06:18:35.271432, shell_line=
peername=('59.103.120.51', 42070), time=2024-11-30 06:18:35.271535, shell_line=
peername=('59.103.120.51', 42070), time=2024-11-30 06:18:35.271637, shell_line=
peername=('59.103.120.51', 42070), time=2024-11-30 06:18:35.271751, shell_line=
peername=('59.103.120.51', 42070), time=2024-11-30 06:18:35.271864, shell_line=
peername=('59.103.120.51', 42070), time=2024-11-30 06:18:35.271967, shell_line=
peername=('59.103.120.51', 42070), time=2024-11-30 06:18:35.272069, shell_line=
peername=('59.103.120.51', 42070), time=2024-11-30 06:18:35.272172, shell_line=
peername=('59.103.120.51', 42070), time=2024-11-30 06:18:35.272274, shell_line=
peername=('59.103.120.51', 42070), time=2024-11-30 06:18:35.272377, shell_line=
peername=('59.103.120.51', 42070), time=2024-11-30 06:18:35.272479, shell_line=
peername=('59.103.120.51', 42070), time=2024-11-30 06:18:35.272582, shell_line=
peername=('59.103.120.51', 42070), time=2024-11-30 06:18:35.272684, shell_line=
peername=('59.103.120.51', 42070), time=2024-11-30 06:18:35.272786, shell_line=
peername=('59.103.120.51', 42070), time=2024-11-30 06:18:35.272889, shell_line=
peername=('59.103.120.51', 42070), time=2024-11-30 06:18:35.273064, shell_line=
peername=('59.103.120.51', 42070), time=2024-11-30 06:18:35.273172, shell_line=
peername=('59.103.120.51', 42070), time=2024-11-30 06:18:35.273275, shell_line=
peername=('59.103.120.51', 42070), time=2024-11-30 06:18:35.273379, shell_line=
peername=('59.103.120.51', 42070), time=2024-11-30 06:18:35.273481, shell_line=
peername=('59.103.120.51', 42070), time=2024-11-30 06:18:35.273584, shell_line=
peername=('59.103.120.51', 42070), time=2024-11-30 06:18:35.273686, shell_line=
peername=('59.103.120.51', 42070), time=2024-11-30 06:18:35.273788, shell_line=
peername=('59.103.120.51', 42070), time=2024-11-30 06:18:35.273891, shell_line=
peername=('59.103.120.51', 42070), time=2024-11-30 06:18:35.273993, shell_line=
peername=('59.103.120.51', 42070), time=2024-11-30 06:18:35.274108, shell_line=
peername=('59.103.120.51', 42070), time=2024-11-30 06:18:35.274211, shell_line=
peername=('59.103.120.51', 42070), time=2024-11-30 06:18:35.274314, shell_line=
peername=('59.103.120.51', 42070), time=2024-11-30 06:18:35.274416, shell_line=
peername=('59.103.120.51', 42070), time=2024-11-30 06:18:35.274518, shell_line=
peername=('59.103.120.51', 42070), time=2024-11-30 06:18:35.274620, shell_line=
peername=('59.103.120.51', 42070), time=2024-11-30 06:18:35.274722, shell_line=
peername=('59.103.120.51', 42070), time=2024-11-30 06:18:35.274825, shell_line=
peername=('59.103.120.51', 42070), time=2024-11-30 06:18:35.274927, shell_line=
peername=('59.103.120.51', 42070), time=2024-11-30 06:18:35.275030, shell_line=
peername=('59.103.120.51', 42070), time=2024-11-30 06:18:35.275132, shell_line=
peername=('59.103.120.51', 42070), time=2024-11-30 06:18:35.275235, shell_line=
peername=('59.103.120.51', 42070), time=2024-11-30 06:18:35.275337, shell_line=
peername=('59.103.120.51', 42070), time=2024-11-30 06:18:35.275439, shell_line=
peername=('59.103.120.51', 42070), time=2024-11-30 06:18:35.275542, shell_line=
peername=('59.103.120.51', 42070), time=2024-11-30 06:18:35.275644, shell_line=
peername=('59.103.120.51', 42070), time=2024-11-30 06:18:35.275746, shell_line=
peername=('59.103.120.51', 42070), time=2024-11-30 06:18:35.275848, shell_line=
peername=('59.103.120.51', 42070), time=2024-11-30 06:18:35.275950, shell_line=
peername=('59.103.120.51', 42070), time=2024-11-30 06:18:35.276054, shell_line=
peername=('59.103.120.51', 42070), time=2024-11-30 06:18:35.276171, shell_line=
peername=('59.103.120.51', 42070), time=2024-11-30 06:18:35.276277, shell_line=
peername=('59.103.120.51', 42070), time=2024-11-30 06:18:35.276380, shell_line=
peername=('59.103.120.51', 42070), time=2024-11-30 06:18:35.276483, shell_line=
peername=('59.103.120.51', 42070), time=2024-11-30 06:18:35.276585, shell_line=
peername=('59.103.120.51', 42070), time=2024-11-30 06:18:35.276687, shell_line=
peername=('59.103.120.51', 42070), time=2024-11-30 06:18:35.276789, shell_line=
peername=('59.103.120.51', 42070), time=2024-11-30 06:18:35.276891, shell_line=
peername=('59.103.120.51', 42070), time=2024-11-30 06:18:35.276995, shell_line=
peername=('59.103.120.51', 42070), time=2024-11-30 06:18:35.277097, shell_line=
peername=('59.103.120.51', 42070), time=2024-11-30 06:18:35.277200, shell_line=
peername=('59.103.120.51', 42070), time=2024-11-30 06:18:35.277302, shell_line=
peername=('59.103.120.51', 42070), time=2024-11-30 06:18:35.277404, shell_line=
peername=('59.103.120.51', 42070), time=2024-11-30 06:18:35.277506, shell_line=
peername=('59.103.120.51', 42070), time=2024-11-30 06:18:35.277608, shell_line=
peername=('59.103.120.51', 42070), time=2024-11-30 06:18:35.277710, shell_line=
peername=('59.103.120.51', 42070), time=2024-11-30 06:18:35.277812, shell_line=
peername=('59.103.120.51', 42070), time=2024-11-30 06:18:35.277914, shell_line=
peername=('59.103.120.51', 42070), time=2024-11-30 06:18:35.278017, shell_line=
peername=('59.103.120.51', 42070), time=2024-11-30 06:18:35.278119, shell_line=
peername=('59.103.120.51', 42070), time=2024-11-30 06:18:35.290123, shell_line=
peername=('59.103.120.51', 42070), time=2024-11-30 06:18:35.290228, shell_line=
peername=('59.103.120.51', 42070), time=2024-11-30 06:18:35.290332, shell_line=
peername=('59.103.120.51', 42070), time=2024-11-30 06:18:35.290434, shell_line=
peername=('59.103.120.51', 42070), time=2024-11-30 06:18:35.290537, shell_line=
peername=('59.103.120.51', 42070), time=2024-11-30 06:18:35.290639, shell_line=
peername=('59.103.120.51', 42070), time=2024-11-30 06:18:35.290742, shell_line=
peername=('59.103.120.51', 42070), time=2024-11-30 06:18:35.290844, shell_line=
peername=('59.103.120.51', 42070), time=2024-11-30 06:18:35.290947, shell_line=
peername=('59.103.120.51', 42070), time=2024-11-30 06:18:35.291051, shell_line=
peername=('59.103.120.51', 42070), time=2024-11-30 06:18:35.291154, shell_line=
peername=('59.103.120.51', 42070), time=2024-11-30 06:18:35.291256, shell_line=
peername=('59.103.120.51', 42070), time=2024-11-30 06:18:35.291360, shell_line=
