SERVER STARTS - 2024-10-30 02:42:30.727280 
Authenticated!
peername=('103.252.88.6', 50190), time=2024-10-30 02:44:12.305366, shell_line=
peername=('103.252.88.6', 50190), time=2024-10-30 02:44:12.305748, shell_line=
peername=('103.252.88.6', 50190), time=2024-10-30 02:44:12.305788, shell_line=
peername=('103.252.88.6', 50190), time=2024-10-30 02:44:12.306239, shell_line=
peername=('103.252.88.6', 50190), time=2024-10-30 02:44:12.306285, shell_line=
peername=('103.252.88.6', 50190), time=2024-10-30 02:44:12.306719, shell_line=
peername=('103.252.88.6', 50190), time=2024-10-30 02:44:12.306753, shell_line=
peername=('103.252.88.6', 50190), time=2024-10-30 02:44:12.307217, shell_line=
peername=('103.252.88.6', 50190), time=2024-10-30 02:44:12.307251, shell_line=
peername=('103.252.88.6', 50190), time=2024-10-30 02:44:12.307673, shell_line=
peername=('103.252.88.6', 50190), time=2024-10-30 02:44:12.307710, shell_line=
peername=('103.252.88.6', 50190), time=2024-10-30 02:44:12.308122, shell_line=
peername=('103.252.88.6', 50190), time=2024-10-30 02:44:12.308153, shell_line=
peername=('103.252.88.6', 50190), time=2024-10-30 02:44:12.308174, shell_line=
peername=('103.252.88.6', 50190), time=2024-10-30 02:44:12.308195, shell_line=
peername=('103.252.88.6', 50190), time=2024-10-30 02:44:12.308221, shell_line=
peername=('103.252.88.6', 50190), time=2024-10-30 02:44:12.308961, shell_line=
peername=('103.252.88.6', 50190), time=2024-10-30 02:44:12.310974, shell_line=
peername=('103.252.88.6', 50190), time=2024-10-30 02:44:12.311109, shell_line=
peername=('103.252.88.6', 50190), time=2024-10-30 02:44:12.311147, shell_line=
peername=('103.252.88.6', 50190), time=2024-10-30 02:44:12.311174, shell_line=
peername=('103.252.88.6', 50190), time=2024-10-30 02:44:12.311715, shell_line=
peername=('103.252.88.6', 50190), time=2024-10-30 02:44:12.311738, shell_line=
peername=('103.252.88.6', 50190), time=2024-10-30 02:44:12.311765, shell_line=
peername=('103.252.88.6', 50190), time=2024-10-30 02:44:12.311789, shell_line=
peername=('103.252.88.6', 50190), time=2024-10-30 02:44:12.311812, shell_line=
peername=('103.252.88.6', 50190), time=2024-10-30 02:44:12.311838, shell_line=
peername=('103.252.88.6', 50190), time=2024-10-30 02:44:12.311864, shell_line=
peername=('103.252.88.6', 50190), time=2024-10-30 02:44:12.311885, shell_line=
peername=('103.252.88.6', 50190), time=2024-10-30 02:44:12.311911, shell_line=
peername=('103.252.88.6', 50190), time=2024-10-30 02:44:12.311937, shell_line=
peername=('103.252.88.6', 50190), time=2024-10-30 02:44:12.311963, shell_line=
peername=('103.252.88.6', 50190), time=2024-10-30 02:44:12.311987, shell_line=
peername=('103.252.88.6', 50190), time=2024-10-30 02:44:12.312013, shell_line=
peername=('103.252.88.6', 50190), time=2024-10-30 02:44:12.312053, shell_line=
peername=('103.252.88.6', 50190), time=2024-10-30 02:44:12.312074, shell_line=
peername=('103.252.88.6', 50190), time=2024-10-30 02:44:12.312096, shell_line=
peername=('103.252.88.6', 50190), time=2024-10-30 02:44:12.312129, shell_line=
peername=('103.252.88.6', 50190), time=2024-10-30 02:44:12.312162, shell_line=
peername=('103.252.88.6', 50190), time=2024-10-30 02:44:12.312195, shell_line=
peername=('103.252.88.6', 50190), time=2024-10-30 02:44:12.312221, shell_line=
peername=('103.252.88.6', 50190), time=2024-10-30 02:44:12.312242, shell_line=
peername=('103.252.88.6', 50190), time=2024-10-30 02:44:12.312268, shell_line=
peername=('103.252.88.6', 50190), time=2024-10-30 02:44:12.312293, shell_line=
peername=('103.252.88.6', 50190), time=2024-10-30 02:44:12.312317, shell_line=
peername=('103.252.88.6', 50190), time=2024-10-30 02:44:12.312339, shell_line=
peername=('103.252.88.6', 50190), time=2024-10-30 02:44:12.312361, shell_line=
peername=('103.252.88.6', 50190), time=2024-10-30 02:44:12.312397, shell_line=
peername=('103.252.88.6', 50190), time=2024-10-30 02:44:12.312423, shell_line=
peername=('103.252.88.6', 50190), time=2024-10-30 02:44:12.312447, shell_line=
peername=('103.252.88.6', 50190), time=2024-10-30 02:44:12.312473, shell_line=
peername=('103.252.88.6', 50190), time=2024-10-30 02:44:12.312498, shell_line=
peername=('103.252.88.6', 50190), time=2024-10-30 02:44:12.312523, shell_line=
peername=('103.252.88.6', 50190), time=2024-10-30 02:44:12.312549, shell_line=
peername=('103.252.88.6', 50190), time=2024-10-30 02:44:12.312573, shell_line=
peername=('103.252.88.6', 50190), time=2024-10-30 02:44:12.312598, shell_line=
peername=('103.252.88.6', 50190), time=2024-10-30 02:44:12.312623, shell_line=
peername=('103.252.88.6', 50190), time=2024-10-30 02:44:12.312648, shell_line=
peername=('103.252.88.6', 50190), time=2024-10-30 02:44:12.312673, shell_line=
peername=('103.252.88.6', 50190), time=2024-10-30 02:44:12.312699, shell_line=
peername=('103.252.88.6', 50190), time=2024-10-30 02:44:12.312723, shell_line=
peername=('103.252.88.6', 50190), time=2024-10-30 02:44:12.312748, shell_line=
peername=('103.252.88.6', 50190), time=2024-10-30 02:44:12.312772, shell_line=
peername=('103.252.88.6', 50190), time=2024-10-30 02:44:12.312799, shell_line=
peername=('103.252.88.6', 50190), time=2024-10-30 02:44:12.312824, shell_line=
peername=('103.252.88.6', 50190), time=2024-10-30 02:44:12.312849, shell_line=
peername=('103.252.88.6', 50190), time=2024-10-30 02:44:12.312879, shell_line=
peername=('103.252.88.6', 50190), time=2024-10-30 02:44:12.312901, shell_line=
peername=('103.252.88.6', 50190), time=2024-10-30 02:44:12.312923, shell_line=
peername=('103.252.88.6', 50190), time=2024-10-30 02:44:12.312949, shell_line=
peername=('103.252.88.6', 50190), time=2024-10-30 02:44:12.312972, shell_line=
peername=('103.252.88.6', 50190), time=2024-10-30 02:44:12.312997, shell_line=
peername=('103.252.88.6', 50190), time=2024-10-30 02:44:12.313020, shell_line=
peername=('103.252.88.6', 50190), time=2024-10-30 02:44:12.313046, shell_line=
peername=('103.252.88.6', 50190), time=2024-10-30 02:44:12.313070, shell_line=
peername=('103.252.88.6', 50190), time=2024-10-30 02:44:12.313096, shell_line=
peername=('103.252.88.6', 50190), time=2024-10-30 02:44:12.313118, shell_line=
peername=('103.252.88.6', 50190), time=2024-10-30 02:44:12.313144, shell_line=
peername=('103.252.88.6', 50190), time=2024-10-30 02:44:12.313174, shell_line=
peername=('103.252.88.6', 50190), time=2024-10-30 02:44:12.313207, shell_line=
peername=('103.252.88.6', 50190), time=2024-10-30 02:44:12.313237, shell_line=
peername=('103.252.88.6', 50190), time=2024-10-30 02:44:12.313263, shell_line=
peername=('103.252.88.6', 50190), time=2024-10-30 02:44:12.313288, shell_line=
peername=('103.252.88.6', 50190), time=2024-10-30 02:44:12.313313, shell_line=
peername=('103.252.88.6', 50190), time=2024-10-30 02:44:12.313338, shell_line=
peername=('103.252.88.6', 50190), time=2024-10-30 02:44:12.313361, shell_line=
peername=('103.252.88.6', 50190), time=2024-10-30 02:44:12.313386, shell_line=
peername=('103.252.88.6', 50190), time=2024-10-30 02:44:12.313410, shell_line=
peername=('103.252.88.6', 50190), time=2024-10-30 02:44:12.313436, shell_line=
peername=('103.252.88.6', 50190), time=2024-10-30 02:44:12.313459, shell_line=
peername=('103.252.88.6', 50190), time=2024-10-30 02:44:12.313484, shell_line=
peername=('103.252.88.6', 50190), time=2024-10-30 02:44:12.313509, shell_line=
peername=('103.252.88.6', 50190), time=2024-10-30 02:44:12.313535, shell_line=
peername=('103.252.88.6', 50190), time=2024-10-30 02:44:12.313559, shell_line=
peername=('103.252.88.6', 50190), time=2024-10-30 02:44:12.313584, shell_line=
peername=('103.252.88.6', 50190), time=2024-10-30 02:44:12.313610, shell_line=
peername=('103.252.88.6', 50190), time=2024-10-30 02:44:12.313634, shell_line=
peername=('103.252.88.6', 50190), time=2024-10-30 02:44:12.313659, shell_line=
peername=('103.252.88.6', 50190), time=2024-10-30 02:44:12.313689, shell_line=
peername=('103.252.88.6', 50190), time=2024-10-30 02:44:12.313714, shell_line=
peername=('103.252.88.6', 50190), time=2024-10-30 02:44:12.313735, shell_line=
peername=('103.252.88.6', 50190), time=2024-10-30 02:44:12.313760, shell_line=
peername=('103.252.88.6', 50190), time=2024-10-30 02:44:12.313786, shell_line=
peername=('103.252.88.6', 50190), time=2024-10-30 02:44:12.313854, shell_line=
peername=('103.252.88.6', 50190), time=2024-10-30 02:44:12.313881, shell_line=
peername=('103.252.88.6', 50190), time=2024-10-30 02:44:12.313907, shell_line=
peername=('103.252.88.6', 50190), time=2024-10-30 02:44:12.313938, shell_line=
peername=('103.252.88.6', 50190), time=2024-10-30 02:44:12.313968, shell_line=
peername=('103.252.88.6', 50190), time=2024-10-30 02:44:12.314000, shell_line=
peername=('103.252.88.6', 50190), time=2024-10-30 02:44:12.314031, shell_line=
peername=('103.252.88.6', 50190), time=2024-10-30 02:44:12.314058, shell_line=
peername=('103.252.88.6', 50190), time=2024-10-30 02:44:12.314079, shell_line=
peername=('103.252.88.6', 50190), time=2024-10-30 02:44:12.314105, shell_line=
peername=('103.252.88.6', 50190), time=2024-10-30 02:44:12.314126, shell_line=
peername=('103.252.88.6', 50190), time=2024-10-30 02:44:12.314152, shell_line=
peername=('103.252.88.6', 50190), time=2024-10-30 02:44:12.314174, shell_line=
peername=('103.252.88.6', 50190), time=2024-10-30 02:44:12.314202, shell_line=
peername=('103.252.88.6', 50190), time=2024-10-30 02:44:12.314230, shell_line=
peername=('103.252.88.6', 50190), time=2024-10-30 02:44:12.314262, shell_line=
peername=('103.252.88.6', 50190), time=2024-10-30 02:44:12.314290, shell_line=
peername=('103.252.88.6', 50190), time=2024-10-30 02:44:12.314315, shell_line=
peername=('103.252.88.6', 50190), time=2024-10-30 02:44:12.314341, shell_line=
peername=('103.252.88.6', 50190), time=2024-10-30 02:44:12.314365, shell_line=
peername=('103.252.88.6', 50190), time=2024-10-30 02:44:12.314390, shell_line=
peername=('103.252.88.6', 50190), time=2024-10-30 02:44:12.314415, shell_line=
peername=('103.252.88.6', 50190), time=2024-10-30 02:44:12.314439, shell_line=
peername=('103.252.88.6', 50190), time=2024-10-30 02:44:12.314464, shell_line=
peername=('103.252.88.6', 50190), time=2024-10-30 02:44:12.314486, shell_line=
peername=('103.252.88.6', 50190), time=2024-10-30 02:44:12.314512, shell_line=
peername=('103.252.88.6', 50190), time=2024-10-30 02:44:12.314533, shell_line=
peername=('103.252.88.6', 50190), time=2024-10-30 02:44:12.314559, shell_line=
peername=('103.252.88.6', 50190), time=2024-10-30 02:44:12.314583, shell_line=
peername=('103.252.88.6', 50190), time=2024-10-30 02:44:12.314608, shell_line=
peername=('103.252.88.6', 50190), time=2024-10-30 02:44:12.314630, shell_line=
peername=('103.252.88.6', 50190), time=2024-10-30 02:44:12.314655, shell_line=
peername=('103.252.88.6', 50190), time=2024-10-30 02:44:12.314679, shell_line=
peername=('103.252.88.6', 50190), time=2024-10-30 02:44:12.314705, shell_line=
peername=('103.252.88.6', 50190), time=2024-10-30 02:44:12.314729, shell_line=
peername=('103.252.88.6', 50190), time=2024-10-30 02:44:12.314754, shell_line=
peername=('103.252.88.6', 50190), time=2024-10-30 02:44:12.314780, shell_line=
peername=('103.252.88.6', 50190), time=2024-10-30 02:44:12.314805, shell_line=
peername=('103.252.88.6', 50190), time=2024-10-30 02:44:12.314829, shell_line=
peername=('103.252.88.6', 50190), time=2024-10-30 02:44:12.314851, shell_line=
peername=('103.252.88.6', 50190), time=2024-10-30 02:44:12.314876, shell_line=
peername=('103.252.88.6', 50190), time=2024-10-30 02:44:12.314902, shell_line=
peername=('103.252.88.6', 50190), time=2024-10-30 02:44:12.314926, shell_line=
peername=('103.252.88.6', 50190), time=2024-10-30 02:44:12.314947, shell_line=
peername=('103.252.88.6', 50190), time=2024-10-30 02:44:12.314973, shell_line=
peername=('103.252.88.6', 50190), time=2024-10-30 02:44:12.314998, shell_line=
peername=('103.252.88.6', 50190), time=2024-10-30 02:44:12.315022, shell_line=
peername=('103.252.88.6', 50190), time=2024-10-30 02:44:12.315043, shell_line=
peername=('103.252.88.6', 50190), time=2024-10-30 02:44:12.315083, shell_line=
peername=('103.252.88.6', 50190), time=2024-10-30 02:44:12.315112, shell_line=
peername=('103.252.88.6', 50190), time=2024-10-30 02:44:12.315144, shell_line=
peername=('103.252.88.6', 50190), time=2024-10-30 02:44:12.315173, shell_line=
peername=('103.252.88.6', 50190), time=2024-10-30 02:44:12.315206, shell_line=
peername=('103.252.88.6', 50190), time=2024-10-30 02:44:12.315238, shell_line=
peername=('103.252.88.6', 50190), time=2024-10-30 02:44:12.315267, shell_line=
peername=('103.252.88.6', 50190), time=2024-10-30 02:44:12.315298, shell_line=
peername=('103.252.88.6', 50190), time=2024-10-30 02:44:12.315320, shell_line=
peername=('103.252.88.6', 50190), time=2024-10-30 02:44:12.315345, shell_line=
peername=('103.252.88.6', 50190), time=2024-10-30 02:44:12.315370, shell_line=
peername=('103.252.88.6', 50190), time=2024-10-30 02:44:12.315391, shell_line=
peername=('103.252.88.6', 50190), time=2024-10-30 02:44:12.315416, shell_line=
peername=('103.252.88.6', 50190), time=2024-10-30 02:44:12.315442, shell_line=
peername=('103.252.88.6', 50190), time=2024-10-30 02:44:12.315466, shell_line=
peername=('103.252.88.6', 50190), time=2024-10-30 02:44:12.315487, shell_line=
peername=('103.252.88.6', 50190), time=2024-10-30 02:44:12.315513, shell_line=
peername=('103.252.88.6', 50190), time=2024-10-30 02:44:12.315539, shell_line=
peername=('103.252.88.6', 50190), time=2024-10-30 02:44:12.315563, shell_line=
peername=('103.252.88.6', 50190), time=2024-10-30 02:44:12.315585, shell_line=
peername=('103.252.88.6', 50190), time=2024-10-30 02:44:12.315610, shell_line=
peername=('103.252.88.6', 50190), time=2024-10-30 02:44:12.315635, shell_line=
peername=('103.252.88.6', 50190), time=2024-10-30 02:44:12.315660, shell_line=
peername=('103.252.88.6', 50190), time=2024-10-30 02:44:12.315681, shell_line=
peername=('103.252.88.6', 50190), time=2024-10-30 02:44:12.315706, shell_line=
peername=('103.252.88.6', 50190), time=2024-10-30 02:44:12.315729, shell_line=
peername=('103.252.88.6', 50190), time=2024-10-30 02:44:12.315755, shell_line=
peername=('103.252.88.6', 50190), time=2024-10-30 02:44:12.315780, shell_line=
peername=('103.252.88.6', 50190), time=2024-10-30 02:44:12.315805, shell_line=
peername=('103.252.88.6', 50190), time=2024-10-30 02:44:12.315826, shell_line=
peername=('103.252.88.6', 50190), time=2024-10-30 02:44:12.315851, shell_line=
peername=('103.252.88.6', 50190), time=2024-10-30 02:44:12.315876, shell_line=
peername=('103.252.88.6', 50190), time=2024-10-30 02:44:12.315897, shell_line=
peername=('103.252.88.6', 50190), time=2024-10-30 02:44:12.315923, shell_line=
peername=('103.252.88.6', 50190), time=2024-10-30 02:44:12.315948, shell_line=
peername=('103.252.88.6', 50190), time=2024-10-30 02:44:12.315972, shell_line=
peername=('103.252.88.6', 50190), time=2024-10-30 02:44:12.315993, shell_line=
peername=('103.252.88.6', 50190), time=2024-10-30 02:44:12.316019, shell_line=
peername=('103.252.88.6', 50190), time=2024-10-30 02:44:12.316043, shell_line=
peername=('103.252.88.6', 50190), time=2024-10-30 02:44:12.316065, shell_line=
peername=('103.252.88.6', 50190), time=2024-10-30 02:44:12.316090, shell_line=
peername=('103.252.88.6', 50190), time=2024-10-30 02:44:12.316115, shell_line=
peername=('103.252.88.6', 50190), time=2024-10-30 02:44:12.316139, shell_line=
peername=('103.252.88.6', 50190), time=2024-10-30 02:44:12.316160, shell_line=
peername=('103.252.88.6', 50190), time=2024-10-30 02:44:12.316186, shell_line=
peername=('103.252.88.6', 50190), time=2024-10-30 02:44:12.316211, shell_line=
peername=('103.252.88.6', 50190), time=2024-10-30 02:44:12.316233, shell_line=
peername=('103.252.88.6', 50190), time=2024-10-30 02:44:12.316255, shell_line=
peername=('103.252.88.6', 50190), time=2024-10-30 02:44:12.316288, shell_line=
peername=('103.252.88.6', 50190), time=2024-10-30 02:44:12.316318, shell_line=
peername=('103.252.88.6', 50190), time=2024-10-30 02:44:12.316345, shell_line=
peername=('103.252.88.6', 50190), time=2024-10-30 02:44:12.323507, shell_line=
peername=('103.252.88.6', 50190), time=2024-10-30 02:44:12.323717, shell_line=
peername=('103.252.88.6', 50190), time=2024-10-30 02:44:12.323810, shell_line=
peername=('103.252.88.6', 50190), time=2024-10-30 02:44:12.323892, shell_line=
peername=('103.252.88.6', 50190), time=2024-10-30 02:44:12.324016, shell_line=
peername=('103.252.88.6', 50190), time=2024-10-30 02:44:12.324099, shell_line=
peername=('103.252.88.6', 50190), time=2024-10-30 02:44:12.324178, shell_line=
peername=('103.252.88.6', 50190), time=2024-10-30 02:44:12.324256, shell_line=
peername=('103.252.88.6', 50190), time=2024-10-30 02:44:12.324333, shell_line=
peername=('103.252.88.6', 50190), time=2024-10-30 02:44:12.324434, shell_line=
peername=('103.252.88.6', 50190), time=2024-10-30 02:44:12.324562, shell_line=
peername=('103.252.88.6', 50190), time=2024-10-30 02:44:12.324669, shell_line=
peername=('103.252.88.6', 50190), time=2024-10-30 02:44:12.324768, shell_line=
peername=('103.252.88.6', 50190), time=2024-10-30 02:44:12.324847, shell_line=
peername=('103.252.88.6', 50190), time=2024-10-30 02:44:12.324925, shell_line=
peername=('103.252.88.6', 50190), time=2024-10-30 02:44:12.325002, shell_line=
peername=('103.252.88.6', 50190), time=2024-10-30 02:44:12.325079, shell_line=
peername=('103.252.88.6', 50190), time=2024-10-30 02:44:12.325156, shell_line=
peername=('103.252.88.6', 50190), time=2024-10-30 02:44:12.325232, shell_line=
peername=('103.252.88.6', 50190), time=2024-10-30 02:44:12.325309, shell_line=
peername=('103.252.88.6', 50190), time=2024-10-30 02:44:12.325386, shell_line=
peername=('103.252.88.6', 50190), time=2024-10-30 02:44:12.325462, shell_line=
peername=('103.252.88.6', 50190), time=2024-10-30 02:44:12.325539, shell_line=
peername=('103.252.88.6', 50190), time=2024-10-30 02:44:12.325644, shell_line=
peername=('103.252.88.6', 50190), time=2024-10-30 02:44:12.325746, shell_line=
peername=('103.252.88.6', 50190), time=2024-10-30 02:44:12.325824, shell_line=
peername=('103.252.88.6', 50190), time=2024-10-30 02:44:12.325934, shell_line=
peername=('103.252.88.6', 50190), time=2024-10-30 02:44:12.326012, shell_line=
peername=('103.252.88.6', 50190), time=2024-10-30 02:44:12.326090, shell_line=
peername=('103.252.88.6', 50190), time=2024-10-30 02:44:12.326166, shell_line=
peername=('103.252.88.6', 50190), time=2024-10-30 02:44:12.326243, shell_line=
peername=('103.252.88.6', 50190), time=2024-10-30 02:44:12.326319, shell_line=
peername=('103.252.88.6', 50190), time=2024-10-30 02:44:12.326396, shell_line=
peername=('103.252.88.6', 50190), time=2024-10-30 02:44:12.326472, shell_line=
peername=('103.252.88.6', 50190), time=2024-10-30 02:44:12.326549, shell_line=
peername=('103.252.88.6', 50190), time=2024-10-30 02:44:12.326626, shell_line=
peername=('103.252.88.6', 50190), time=2024-10-30 02:44:12.326840, shell_line=
peername=('103.252.88.6', 50190), time=2024-10-30 02:44:12.326996, shell_line=
peername=('103.252.88.6', 50190), time=2024-10-30 02:44:12.327119, shell_line=
peername=('103.252.88.6', 50190), time=2024-10-30 02:44:12.327220, shell_line=
peername=('103.252.88.6', 50190), time=2024-10-30 02:44:12.327318, shell_line=
peername=('103.252.88.6', 50190), time=2024-10-30 02:44:12.327442, shell_line=
peername=('103.252.88.6', 50190), time=2024-10-30 02:44:12.327541, shell_line=
peername=('103.252.88.6', 50190), time=2024-10-30 02:44:12.327638, shell_line=
peername=('103.252.88.6', 50190), time=2024-10-30 02:44:12.327763, shell_line=
peername=('103.252.88.6', 50190), time=2024-10-30 02:44:12.327851, shell_line=
peername=('103.252.88.6', 50190), time=2024-10-30 02:44:12.327932, shell_line=
peername=('103.252.88.6', 50190), time=2024-10-30 02:44:12.328010, shell_line=
peername=('103.252.88.6', 50190), time=2024-10-30 02:44:12.328087, shell_line=
peername=('103.252.88.6', 50190), time=2024-10-30 02:44:12.328164, shell_line=
peername=('103.252.88.6', 50190), time=2024-10-30 02:44:12.328240, shell_line=
peername=('103.252.88.6', 50190), time=2024-10-30 02:44:12.328317, shell_line=
peername=('103.252.88.6', 50190), time=2024-10-30 02:44:12.328405, shell_line=
peername=('103.252.88.6', 50190), time=2024-10-30 02:44:12.328483, shell_line=
peername=('103.252.88.6', 50190), time=2024-10-30 02:44:12.328559, shell_line=
peername=('103.252.88.6', 50190), time=2024-10-30 02:44:12.328654, shell_line=
peername=('103.252.88.6', 50190), time=2024-10-30 02:44:12.328732, shell_line=
peername=('103.252.88.6', 50190), time=2024-10-30 02:44:12.328904, shell_line=
peername=('103.252.88.6', 50190), time=2024-10-30 02:44:12.328989, shell_line=
peername=('103.252.88.6', 50190), time=2024-10-30 02:44:12.329068, shell_line=
peername=('103.252.88.6', 50190), time=2024-10-30 02:44:12.329144, shell_line=
peername=('103.252.88.6', 50190), time=2024-10-30 02:44:12.329221, shell_line=
peername=('103.252.88.6', 50190), time=2024-10-30 02:44:12.329298, shell_line=
peername=('103.252.88.6', 50190), time=2024-10-30 02:44:12.329374, shell_line=
peername=('103.252.88.6', 50190), time=2024-10-30 02:44:12.329451, shell_line=
peername=('103.252.88.6', 50190), time=2024-10-30 02:44:12.329528, shell_line=
peername=('103.252.88.6', 50190), time=2024-10-30 02:44:12.329604, shell_line=
peername=('103.252.88.6', 50190), time=2024-10-30 02:44:12.329680, shell_line=
peername=('103.252.88.6', 50190), time=2024-10-30 02:44:12.329758, shell_line=
peername=('103.252.88.6', 50190), time=2024-10-30 02:44:12.329843, shell_line=
peername=('103.252.88.6', 50190), time=2024-10-30 02:44:12.329936, shell_line=
peername=('103.252.88.6', 50190), time=2024-10-30 02:44:12.330014, shell_line=
peername=('103.252.88.6', 50190), time=2024-10-30 02:44:12.330091, shell_line=
peername=('103.252.88.6', 50190), time=2024-10-30 02:44:12.330167, shell_line=
peername=('103.252.88.6', 50190), time=2024-10-30 02:44:12.330244, shell_line=
peername=('103.252.88.6', 50190), time=2024-10-30 02:44:12.330321, shell_line=
peername=('103.252.88.6', 50190), time=2024-10-30 02:44:12.330398, shell_line=
peername=('103.252.88.6', 50190), time=2024-10-30 02:44:12.330475, shell_line=
peername=('103.252.88.6', 50190), time=2024-10-30 02:44:12.330552, shell_line=
peername=('103.252.88.6', 50190), time=2024-10-30 02:44:12.330629, shell_line=
peername=('103.252.88.6', 50190), time=2024-10-30 02:44:12.330708, shell_line=
peername=('103.252.88.6', 50190), time=2024-10-30 02:44:12.330784, shell_line=
peername=('103.252.88.6', 50190), time=2024-10-30 02:44:12.330862, shell_line=
peername=('103.252.88.6', 50190), time=2024-10-30 02:44:12.330960, shell_line=
peername=('103.252.88.6', 50190), time=2024-10-30 02:44:12.331058, shell_line=
peername=('103.252.88.6', 50190), time=2024-10-30 02:44:12.331161, shell_line=
peername=('103.252.88.6', 50190), time=2024-10-30 02:44:12.331239, shell_line=
peername=('103.252.88.6', 50190), time=2024-10-30 02:44:12.331315, shell_line=
peername=('103.252.88.6', 50190), time=2024-10-30 02:44:12.331393, shell_line=
peername=('103.252.88.6', 50190), time=2024-10-30 02:44:12.331471, shell_line=
peername=('103.252.88.6', 50190), time=2024-10-30 02:44:12.331549, shell_line=
peername=('103.252.88.6', 50190), time=2024-10-30 02:44:12.331626, shell_line=
peername=('103.252.88.6', 50190), time=2024-10-30 02:44:12.331702, shell_line=
peername=('103.252.88.6', 50190), time=2024-10-30 02:44:12.331778, shell_line=
peername=('103.252.88.6', 50190), time=2024-10-30 02:44:12.331855, shell_line=
peername=('103.252.88.6', 50190), time=2024-10-30 02:44:12.331970, shell_line=
peername=('103.252.88.6', 50190), time=2024-10-30 02:44:12.332061, shell_line=
peername=('103.252.88.6', 50190), time=2024-10-30 02:44:12.332139, shell_line=
peername=('103.252.88.6', 50190), time=2024-10-30 02:44:12.332215, shell_line=
peername=('103.252.88.6', 50190), time=2024-10-30 02:44:12.332291, shell_line=
peername=('103.252.88.6', 50190), time=2024-10-30 02:44:12.332367, shell_line=
peername=('103.252.88.6', 50190), time=2024-10-30 02:44:12.332455, shell_line=
peername=('103.252.88.6', 50190), time=2024-10-30 02:44:12.332532, shell_line=
peername=('103.252.88.6', 50190), time=2024-10-30 02:44:12.332609, shell_line=
peername=('103.252.88.6', 50190), time=2024-10-30 02:44:12.332685, shell_line=
peername=('103.252.88.6', 50190), time=2024-10-30 02:44:12.332761, shell_line=
peername=('103.252.88.6', 50190), time=2024-10-30 02:44:12.332838, shell_line=
peername=('103.252.88.6', 50190), time=2024-10-30 02:44:12.332950, shell_line=
peername=('103.252.88.6', 50190), time=2024-10-30 02:44:12.333231, shell_line=
peername=('103.252.88.6', 50190), time=2024-10-30 02:44:12.333318, shell_line=
peername=('103.252.88.6', 50190), time=2024-10-30 02:44:12.333396, shell_line=
peername=('103.252.88.6', 50190), time=2024-10-30 02:44:12.333473, shell_line=
peername=('103.252.88.6', 50190), time=2024-10-30 02:44:12.333550, shell_line=
peername=('103.252.88.6', 50190), time=2024-10-30 02:44:12.333628, shell_line=
peername=('103.252.88.6', 50190), time=2024-10-30 02:44:12.333704, shell_line=
peername=('103.252.88.6', 50190), time=2024-10-30 02:44:12.333781, shell_line=
peername=('103.252.88.6', 50190), time=2024-10-30 02:44:12.333857, shell_line=
peername=('103.252.88.6', 50190), time=2024-10-30 02:44:12.333933, shell_line=
peername=('103.252.88.6', 50190), time=2024-10-30 02:44:12.334009, shell_line=
peername=('103.252.88.6', 50190), time=2024-10-30 02:44:12.334111, shell_line=
peername=('103.252.88.6', 50190), time=2024-10-30 02:44:12.334241, shell_line=
peername=('103.252.88.6', 50190), time=2024-10-30 02:44:12.334339, shell_line=
peername=('103.252.88.6', 50190), time=2024-10-30 02:44:12.334438, shell_line=
peername=('103.252.88.6', 50190), time=2024-10-30 02:44:12.334536, shell_line=
peername=('103.252.88.6', 50190), time=2024-10-30 02:44:12.334634, shell_line=
peername=('103.252.88.6', 50190), time=2024-10-30 02:44:12.334732, shell_line=
peername=('103.252.88.6', 50190), time=2024-10-30 02:44:12.334828, shell_line=
peername=('103.252.88.6', 50190), time=2024-10-30 02:44:12.334925, shell_line=
peername=('103.252.88.6', 50190), time=2024-10-30 02:44:12.335021, shell_line=
peername=('103.252.88.6', 50190), time=2024-10-30 02:44:12.335136, shell_line=
peername=('103.252.88.6', 50190), time=2024-10-30 02:44:12.335333, shell_line=
peername=('103.252.88.6', 50190), time=2024-10-30 02:44:12.335452, shell_line=
peername=('103.252.88.6', 50190), time=2024-10-30 02:44:12.335560, shell_line=
peername=('103.252.88.6', 50190), time=2024-10-30 02:44:12.335664, shell_line=
peername=('103.252.88.6', 50190), time=2024-10-30 02:44:12.335769, shell_line=
peername=('103.252.88.6', 50190), time=2024-10-30 02:44:12.335873, shell_line=
peername=('103.252.88.6', 50190), time=2024-10-30 02:44:12.335976, shell_line=
peername=('103.252.88.6', 50190), time=2024-10-30 02:44:12.336133, shell_line=
peername=('103.252.88.6', 50190), time=2024-10-30 02:44:12.336246, shell_line=
peername=('103.252.88.6', 50190), time=2024-10-30 02:44:12.336438, shell_line=
peername=('103.252.88.6', 50190), time=2024-10-30 02:44:12.336548, shell_line=
peername=('103.252.88.6', 50190), time=2024-10-30 02:44:12.336653, shell_line=
peername=('103.252.88.6', 50190), time=2024-10-30 02:44:12.336755, shell_line=
peername=('103.252.88.6', 50190), time=2024-10-30 02:44:12.336914, shell_line=
peername=('103.252.88.6', 50190), time=2024-10-30 02:44:12.337018, shell_line=
peername=('103.252.88.6', 50190), time=2024-10-30 02:44:12.337204, shell_line=
peername=('103.252.88.6', 50190), time=2024-10-30 02:44:12.337325, shell_line=
peername=('103.252.88.6', 50190), time=2024-10-30 02:44:12.337471, shell_line=
peername=('103.252.88.6', 50190), time=2024-10-30 02:44:12.337577, shell_line=
peername=('103.252.88.6', 50190), time=2024-10-30 02:44:12.337681, shell_line=
peername=('103.252.88.6', 50190), time=2024-10-30 02:44:12.337783, shell_line=
peername=('103.252.88.6', 50190), time=2024-10-30 02:44:12.337884, shell_line=
peername=('103.252.88.6', 50190), time=2024-10-30 02:44:12.337986, shell_line=
peername=('103.252.88.6', 50190), time=2024-10-30 02:44:12.338087, shell_line=
peername=('103.252.88.6', 50190), time=2024-10-30 02:44:12.338188, shell_line=
peername=('103.252.88.6', 50190), time=2024-10-30 02:44:12.338294, shell_line=
peername=('103.252.88.6', 50190), time=2024-10-30 02:44:12.338398, shell_line=
peername=('103.252.88.6', 50190), time=2024-10-30 02:44:12.338566, shell_line=
peername=('103.252.88.6', 50190), time=2024-10-30 02:44:12.338701, shell_line=
peername=('103.252.88.6', 50190), time=2024-10-30 02:44:12.338806, shell_line=
peername=('103.252.88.6', 50190), time=2024-10-30 02:44:12.338910, shell_line=
peername=('103.252.88.6', 50190), time=2024-10-30 02:44:12.339012, shell_line=
peername=('103.252.88.6', 50190), time=2024-10-30 02:44:12.339130, shell_line=
peername=('103.252.88.6', 50190), time=2024-10-30 02:44:12.339233, shell_line=
peername=('103.252.88.6', 50190), time=2024-10-30 02:44:12.339339, shell_line=
peername=('103.252.88.6', 50190), time=2024-10-30 02:44:12.339442, shell_line=
peername=('103.252.88.6', 50190), time=2024-10-30 02:44:12.339544, shell_line=
peername=('103.252.88.6', 50190), time=2024-10-30 02:44:12.339685, shell_line=
peername=('103.252.88.6', 50190), time=2024-10-30 02:44:12.339814, shell_line=
peername=('103.252.88.6', 50190), time=2024-10-30 02:44:12.339918, shell_line=
peername=('103.252.88.6', 50190), time=2024-10-30 02:44:12.340020, shell_line=
peername=('103.252.88.6', 50190), time=2024-10-30 02:44:12.340124, shell_line=
peername=('103.252.88.6', 50190), time=2024-10-30 02:44:12.340226, shell_line=
peername=('103.252.88.6', 50190), time=2024-10-30 02:44:12.340328, shell_line=
peername=('103.252.88.6', 50190), time=2024-10-30 02:44:12.340453, shell_line=
peername=('103.252.88.6', 50190), time=2024-10-30 02:44:12.340557, shell_line=
peername=('103.252.88.6', 50190), time=2024-10-30 02:44:12.340659, shell_line=
peername=('103.252.88.6', 50190), time=2024-10-30 02:44:12.340859, shell_line=
peername=('103.252.88.6', 50190), time=2024-10-30 02:44:12.340966, shell_line=
peername=('103.252.88.6', 50190), time=2024-10-30 02:44:12.341069, shell_line=
peername=('103.252.88.6', 50190), time=2024-10-30 02:44:12.341172, shell_line=
peername=('103.252.88.6', 50190), time=2024-10-30 02:44:12.341273, shell_line=
peername=('103.252.88.6', 50190), time=2024-10-30 02:44:12.341375, shell_line=
peername=('103.252.88.6', 50190), time=2024-10-30 02:44:12.341484, shell_line=
peername=('103.252.88.6', 50190), time=2024-10-30 02:44:12.341589, shell_line=
peername=('103.252.88.6', 50190), time=2024-10-30 02:44:12.341691, shell_line=
peername=('103.252.88.6', 50190), time=2024-10-30 02:44:12.341860, shell_line=
peername=('103.252.88.6', 50190), time=2024-10-30 02:44:12.341972, shell_line=
peername=('103.252.88.6', 50190), time=2024-10-30 02:44:12.342075, shell_line=
peername=('103.252.88.6', 50190), time=2024-10-30 02:44:12.342177, shell_line=
peername=('103.252.88.6', 50190), time=2024-10-30 02:44:12.342280, shell_line=
peername=('103.252.88.6', 50190), time=2024-10-30 02:44:12.342381, shell_line=
peername=('103.252.88.6', 50190), time=2024-10-30 02:44:12.342485, shell_line=
peername=('103.252.88.6', 50190), time=2024-10-30 02:44:12.342591, shell_line=
peername=('103.252.88.6', 50190), time=2024-10-30 02:44:12.342694, shell_line=
peername=('103.252.88.6', 50190), time=2024-10-30 02:44:12.342796, shell_line=
peername=('103.252.88.6', 50190), time=2024-10-30 02:44:12.342982, shell_line=
peername=('103.252.88.6', 50190), time=2024-10-30 02:44:12.343108, shell_line=
peername=('103.252.88.6', 50190), time=2024-10-30 02:44:12.343214, shell_line=
peername=('103.252.88.6', 50190), time=2024-10-30 02:44:12.343318, shell_line=
peername=('103.252.88.6', 50190), time=2024-10-30 02:44:12.343419, shell_line=
peername=('103.252.88.6', 50190), time=2024-10-30 02:44:12.343526, shell_line=
peername=('103.252.88.6', 50190), time=2024-10-30 02:44:12.343633, shell_line=
peername=('103.252.88.6', 50190), time=2024-10-30 02:44:12.343737, shell_line=
peername=('103.252.88.6', 50190), time=2024-10-30 02:44:12.343839, shell_line=
peername=('103.252.88.6', 50190), time=2024-10-30 02:44:12.343941, shell_line=
peername=('103.252.88.6', 50190), time=2024-10-30 02:44:12.344079, shell_line=
peername=('103.252.88.6', 50190), time=2024-10-30 02:44:12.344182, shell_line=
peername=('103.252.88.6', 50190), time=2024-10-30 02:44:12.344284, shell_line=
peername=('103.252.88.6', 50190), time=2024-10-30 02:44:12.344403, shell_line=
peername=('103.252.88.6', 50190), time=2024-10-30 02:44:12.344559, shell_line=
peername=('103.252.88.6', 50190), time=2024-10-30 02:44:12.344674, shell_line=
peername=('103.252.88.6', 50190), time=2024-10-30 02:44:12.344778, shell_line=
peername=('103.252.88.6', 50190), time=2024-10-30 02:44:12.344881, shell_line=
peername=('103.252.88.6', 50190), time=2024-10-30 02:44:12.344982, shell_line=
peername=('103.252.88.6', 50190), time=2024-10-30 02:44:12.345085, shell_line=
peername=('103.252.88.6', 50190), time=2024-10-30 02:44:12.345263, shell_line=
peername=('103.252.88.6', 50190), time=2024-10-30 02:44:12.345368, shell_line=
peername=('103.252.88.6', 50190), time=2024-10-30 02:44:12.345471, shell_line=
peername=('103.252.88.6', 50190), time=2024-10-30 02:44:12.345572, shell_line=
peername=('103.252.88.6', 50190), time=2024-10-30 02:44:12.345677, shell_line=
peername=('103.252.88.6', 50190), time=2024-10-30 02:44:12.345783, shell_line=
peername=('103.252.88.6', 50190), time=2024-10-30 02:44:12.345885, shell_line=
peername=('103.252.88.6', 50190), time=2024-10-30 02:44:12.345987, shell_line=
peername=('103.252.88.6', 50190), time=2024-10-30 02:44:12.346093, shell_line=
peername=('103.252.88.6', 50190), time=2024-10-30 02:44:12.346257, shell_line=
peername=('103.252.88.6', 50190), time=2024-10-30 02:44:12.346360, shell_line=
peername=('103.252.88.6', 50190), time=2024-10-30 02:44:12.346458, shell_line=
peername=('103.252.88.6', 50190), time=2024-10-30 02:44:12.346555, shell_line=
peername=('103.252.88.6', 50190), time=2024-10-30 02:44:12.346651, shell_line=
peername=('103.252.88.6', 50190), time=2024-10-30 02:44:12.346749, shell_line=
peername=('103.252.88.6', 50190), time=2024-10-30 02:44:12.346846, shell_line=
peername=('103.252.88.6', 50190), time=2024-10-30 02:44:12.346972, shell_line=
peername=('103.252.88.6', 50190), time=2024-10-30 02:44:12.347083, shell_line=
peername=('103.252.88.6', 50190), time=2024-10-30 02:44:12.347184, shell_line=
peername=('103.252.88.6', 50190), time=2024-10-30 02:44:12.347389, shell_line=
peername=('103.252.88.6', 50190), time=2024-10-30 02:44:12.347493, shell_line=
peername=('103.252.88.6', 50190), time=2024-10-30 02:44:12.347590, shell_line=
peername=('103.252.88.6', 50190), time=2024-10-30 02:44:12.347687, shell_line=
peername=('103.252.88.6', 50190), time=2024-10-30 02:44:12.347786, shell_line=
peername=('103.252.88.6', 50190), time=2024-10-30 02:44:12.347866, shell_line=
peername=('103.252.88.6', 50190), time=2024-10-30 02:44:12.347943, shell_line=
peername=('103.252.88.6', 50190), time=2024-10-30 02:44:12.348020, shell_line=
peername=('103.252.88.6', 50190), time=2024-10-30 02:44:12.348097, shell_line=
peername=('103.252.88.6', 50190), time=2024-10-30 02:44:12.348173, shell_line=
peername=('103.252.88.6', 50190), time=2024-10-30 02:44:12.348250, shell_line=
peername=('103.252.88.6', 50190), time=2024-10-30 02:44:12.348326, shell_line=
peername=('103.252.88.6', 50190), time=2024-10-30 02:44:12.348491, shell_line=
peername=('103.252.88.6', 50190), time=2024-10-30 02:44:12.348596, shell_line=
peername=('103.252.88.6', 50190), time=2024-10-30 02:44:12.348710, shell_line=
peername=('103.252.88.6', 50190), time=2024-10-30 02:44:12.348812, shell_line=
peername=('103.252.88.6', 50190), time=2024-10-30 02:44:12.348890, shell_line=
peername=('103.252.88.6', 50190), time=2024-10-30 02:44:12.348967, shell_line=
peername=('103.252.88.6', 50190), time=2024-10-30 02:44:12.349044, shell_line=
peername=('103.252.88.6', 50190), time=2024-10-30 02:44:12.349120, shell_line=
peername=('103.252.88.6', 50190), time=2024-10-30 02:44:12.349196, shell_line=
peername=('103.252.88.6', 50190), time=2024-10-30 02:44:12.349273, shell_line=
peername=('103.252.88.6', 50190), time=2024-10-30 02:44:12.349349, shell_line=
peername=('103.252.88.6', 50190), time=2024-10-30 02:44:12.349426, shell_line=
peername=('103.252.88.6', 50190), time=2024-10-30 02:44:12.349572, shell_line=
peername=('103.252.88.6', 50190), time=2024-10-30 02:44:12.349653, shell_line=
peername=('103.252.88.6', 50190), time=2024-10-30 02:44:12.349730, shell_line=
peername=('103.252.88.6', 50190), time=2024-10-30 02:44:12.349854, shell_line=
peername=('103.252.88.6', 50190), time=2024-10-30 02:44:12.349934, shell_line=
peername=('103.252.88.6', 50190), time=2024-10-30 02:44:12.350012, shell_line=
peername=('103.252.88.6', 50190), time=2024-10-30 02:44:12.350089, shell_line=
peername=('103.252.88.6', 50190), time=2024-10-30 02:44:12.350165, shell_line=
peername=('103.252.88.6', 50190), time=2024-10-30 02:44:12.350241, shell_line=
peername=('103.252.88.6', 50190), time=2024-10-30 02:44:12.350317, shell_line=
peername=('103.252.88.6', 50190), time=2024-10-30 02:44:12.350393, shell_line=
peername=('103.252.88.6', 50190), time=2024-10-30 02:44:12.350469, shell_line=
peername=('103.252.88.6', 50190), time=2024-10-30 02:44:12.350545, shell_line=
peername=('103.252.88.6', 50190), time=2024-10-30 02:44:12.350622, shell_line=
peername=('103.252.88.6', 50190), time=2024-10-30 02:44:12.350698, shell_line=
peername=('103.252.88.6', 50190), time=2024-10-30 02:44:12.350775, shell_line=
peername=('103.252.88.6', 50190), time=2024-10-30 02:44:12.350866, shell_line=
peername=('103.252.88.6', 50190), time=2024-10-30 02:44:12.350963, shell_line=
peername=('103.252.88.6', 50190), time=2024-10-30 02:44:12.351070, shell_line=
peername=('103.252.88.6', 50190), time=2024-10-30 02:44:12.351169, shell_line=
peername=('103.252.88.6', 50190), time=2024-10-30 02:44:12.351266, shell_line=
peername=('103.252.88.6', 50190), time=2024-10-30 02:44:12.351362, shell_line=
peername=('103.252.88.6', 50190), time=2024-10-30 02:44:12.351459, shell_line=
peername=('103.252.88.6', 50190), time=2024-10-30 02:44:12.351555, shell_line=
peername=('103.252.88.6', 50190), time=2024-10-30 02:44:12.351678, shell_line=
peername=('103.252.88.6', 50190), time=2024-10-30 02:44:12.351799, shell_line=
peername=('103.252.88.6', 50190), time=2024-10-30 02:44:12.351899, shell_line=
peername=('103.252.88.6', 50190), time=2024-10-30 02:44:12.351983, shell_line=
peername=('103.252.88.6', 50190), time=2024-10-30 02:44:12.352060, shell_line=
peername=('103.252.88.6', 50190), time=2024-10-30 02:44:12.352137, shell_line=
peername=('103.252.88.6', 50190), time=2024-10-30 02:44:12.352213, shell_line=
peername=('103.252.88.6', 50190), time=2024-10-30 02:44:12.352289, shell_line=
peername=('103.252.88.6', 50190), time=2024-10-30 02:44:12.352365, shell_line=
peername=('103.252.88.6', 50190), time=2024-10-30 02:44:12.352454, shell_line=
peername=('103.252.88.6', 50190), time=2024-10-30 02:44:12.352532, shell_line=
peername=('103.252.88.6', 50190), time=2024-10-30 02:44:12.352608, shell_line=
peername=('103.252.88.6', 50190), time=2024-10-30 02:44:12.352738, shell_line=
peername=('103.252.88.6', 50190), time=2024-10-30 02:44:12.352816, shell_line=
peername=('103.252.88.6', 50190), time=2024-10-30 02:44:12.352899, shell_line=
peername=('103.252.88.6', 50190), time=2024-10-30 02:44:12.352997, shell_line=
peername=('103.252.88.6', 50190), time=2024-10-30 02:44:12.353095, shell_line=
peername=('103.252.88.6', 50190), time=2024-10-30 02:44:12.353192, shell_line=
peername=('103.252.88.6', 50190), time=2024-10-30 02:44:12.353288, shell_line=
peername=('103.252.88.6', 50190), time=2024-10-30 02:44:12.353385, shell_line=
